1470
861
1269
964
1803
2053
1059
1018
1130
1204
1256
488
678
232
1211
1291
1000
2298
565
2003
852
859
1083
411
1181
1534
1658
1530
1990
983
803
267
744
1100
1246
1067
1996
1230
858
1405
1725
70
1386
794
1620
1182
1793
1249
844
1253
245
1364
1125
1462
1827
1646
246
487
1524
2094
1279
2042
1512
215
1526
1361
1218
230
926
1866
2183
953
588
1797
1789
1049
910
332
1035
2014
959
790
382
1213
906
2074
2220
993
962
1356
156
1391
1011
970
741
430
894
424
924
502
694
1529
1868
1278
2251
452
1882
955
1006
1350
1373
1254
2181
1025
1477
1381
920
326
877
1135
1740
2230
742
1838
265
422
309
1150
461
1105
1629
1612
1875
626
1051
850
1905
810
438
722
1058
2173
1780
196
191
276
1235
217
599
340
1850
486
1192
219
1225
90
890
1314
969
821
1751
1839
1738
2170
1353
321
1297
881
221
1509
138
470
30
1834
2140
2101
1835
1652
1590
40
410
1505
2182
523
244
1315
660
2244
1732
2302
1227
622
1885
53
708
1483
848
1721
1134
948
231
1499
1044
497
1028
1333
1398
1998
2099
757
1369
1997
1124
46
1200
1937
1166
76
1228
291
286
2090
1129
1121
42
1374
1906
296
1706
1572
189
979
1214
1544
1645
957
1259
510
1720
1813
531
91
2066
278
538
31
2037
201
462
636
1642
1849
1180
1687
20
1167
1358
587
1285
1747
93
2303
446
981
1588
726
1237
825
601
187
1387
685
2024
2273
830
1492
1964
2141
58
758
2069
911
612
1955
1854
374
2259
1029
1070
2062
1550
9
1481
2289
315
942
1681
2002
1081
105
454
255
2242
57
2139
1495
197
347
917
1942
2229
159
292
1317
302
44
49
1220
1903
1185
299
1436
1198
1502
1649
1206
932
922
1807
851
710
1763
1860
1804
1168
1933
2253
1871
504
2034
2169
2265
701
799
1283
2227
2195
2215
582
1778
1486
1540
1323
1406
2124
2178
2103
1795
1893
1976
248
2068
943
290
1420
607
1615
458
468
733
1077
2059
619
1640
1328
1229
35
1319
766
186
1101
1662
2249
2211
544
499
181
1016
1677
1791
2130
1137
1701
1713
1559
1536
399
1208
1927
895
2050
2149
936
2000
1176
551
555
1889
990
1726
412
2171
1749
1777
1147
1925
2137
168
2180
185
190
1267
661
2122
79
1829
1949
1113
2258
2158
242
1768
1770
2081
1299
361
693
2108
312
998
1573
1716
294
987
2294
1033
1539
222
218
1019
1953
1046
2007
1654
1371
3
904
277
1901
1056
2222
1989
1506
1367
532
1668
743
954
1739
776
1003
141
1817
985
1812
1881
1452
1439
1071
1312
630
362
1030
591
535
548
1702
1959
862
1844
405
1232
1388
150
518
709
2270
629
1533
944
1796
1745
1604
1501
933
2083
2006
1080
213
860
2017
1943
1202
1671
1303
2142
1686
212
1401
1607
925
787
779
148
1289
527
617
235
1389
1679
1857
338
2245
366
1157
335
1754
1748
60
1784
1419
635
811
549
2138
1335
1874
1422
756
506
118
902
1865
1045
716
88
817
1522
546
75
1233
1547
2087
1416
1403
1107
180
1545
605
27
1507
2235
94
383
466
317
558
1444
2154
216
2248
1273
1968
669
1146
373
1670
84
350
1762
1675
1313
2269
2290
870
303
1426
206
1348
249
132
2190
1326
476
1404
1142
508
284
1733
1270
491
343
1537
624
621
447
938
1302
956
1096
1818
11
1815
2179
1548
1980
2201
500
2246
997
1476
1638
972
945
1626
916
971
266
1179
879
2157
2121
1234
540
2148
1252
1272
767
273
1916
759
667
1413
2161
288
650
281
1581
82
785
1037
453
524
1794
1886
2136
1092
1415
724
23
1896
1554
2221
995
135
41
2056
1510
884
404
1579
1099
963
952
2271
1447
1290
1061
413
1183
381
313
2038
147
1500
1118
2049
1863
1245
537
774
547
1592
867
1008
728
279
1144
143
837
289
293
1209
1104
1098
1393
2162
358
611
1805
840
161
1591
697
1268
673
1411
467
1858
745
1669
1247
1345
457
750
618
95
822
1255
107
1698
1521
1810
1585
796
557
474
152
1162
241
1292
1710
1300
826
1464
656
939
1397
2132
1924
2203
1007
1700
489
170
1433
2019
1153
653
937
2288
1672
1884
613
1239
1349
929
1571
494
914
1616
721
628
1362
1308
2225
258
1038
1023
1664
770
771
975
1851
1473
1847
620
1188
1623
2119
1250
974
1717
2256
2096
900
715
1305
1723
2218
1584
1143
1718
211
1128
1360
389
1171
1372
142
483
1577
1487
2200
1189
2282
229
370
334
846
262
919
2070
2232
753
1765
2123
2280
543
786
433
1266
380
687
1715
2250
451
308
1385
1484
1399
683
595
1808
339
768
300
2055
67
1461
1696
517
1001
328
2041
43
802
556
874
847
2164
1085
238
356
128
479
1002
903
2118
1423
227
1541
1553
1755
875
509
1478
880
1917
1695
1158
2231
2238
887
1648
2086
2293
429
157
7
104
1482
815
2287
2210
2013
1862
1034
355
1887
1641
1557
1680
1826
1357
1435
1488
456
1824
2268
973
577
1446
1552
1712
1063
2015
835
2114
1454
2176
304
1816
1971
162
793
1154
516
1727
71
2165
2177
1822
1643
86
1131
1974
2046
1316
1106
1957
481
15
525
652
117
634
113
1578
878
1459
1736
1440
2009
1325
1911
980
62
1450
642
829
2001
781
2224
1560
2010
1173
1384
1187
1149
450
1165
2187
1287
1221
530
1913
1231
2129
1396
1809
820
707
1688
1448
1307
579
872
151
1418
1394
560
492
1918
714
627
1013
167
394
566
228
783
765
1625
2186
1054
465
585
342
333
534
393
1935
1790
263
25
403
740
596
1064
1692
1999
982
2097
2263
322
1515
1193
1567
109
2166
200
482
2174
2206
515
78
2084
1244
2020
2291
1116
977
29
1226
782
1489
1734
581
435
1852
134
14
1914
2144
559
808
1995
477
99
464
251
930
2237
834
1614
1589
505
8
727
1392
746
561
819
177
638
2098
1503
2082
845
473
529
1427
1842
1769
1151
1936
1535
137
643
1574
83
680
442
1379
154
1280
224
631
896
1242
828
226
252
1
1010
1633
2192
1947
639
814
80
325
789
1802
202
1438
521
2088
441
2063
978
2045
623
831
2110
1517
1576
1172
1395
37
2275
136
204
2060
608
647
1666
254
2209
471
1513
0
2189
1586
127
2262
805
1400
915
1523
1993
386
1653
752
725
1825
762
1443
1281
1956
1094
1582
1693
1569
1861
1337
2172
984
1939
1258
568
1456
545
28
285
1161
1785
1724
886
220
842
484
369
188
1556
2120
1907
2264
1946
160
2026
1441
2292
165
677
1627
1052
1771
478
169
1039
145
2021
327
1799
377
17
68
61
1531
1424
1022
675
2080
239
2039
166
2281
777
421
1551
1988
391
1457
2033
1833
1831
754
934
640
1494
1041
1048
966
663
730
913
2300
583
1236
1336
1921
788
2135
665
526
2048
346
1322
1779
2100
1869
1365
1102
648
1630
69
999
1474
940
1196
1657
1050
375
1894
1119
1594
2260
1390
1912
1619
1043
1660
1703
274
1897
324
542
1298
2241
1978
1546
1655
2284
2089
1880
849
1430
1516
670
1542
2153
153
760
1296
885
690
106
1465
1138
1878
1872
359
445
144
1707
686
1072
2131
1431
357
1195
2076
918
1141
1743
2145
2005
1951
1407
671
1891
12
225
1293
868
1603
713
1558
1609
1205
666
572
192
124
2058
1511
706
1321
1811
823
541
1040
243
2301
223
1354
111
1190
1525
597
637
52
1730
372
320
39
901
574
1699
1814
92
1538
1613
2032
22
26
2272
2047
898
337
2072
390
2004
1217
416
594
883
1210
2051
941
1774
485
645
873
282
268
125
1073
1555
1363
172
1867
567
679
1952
448
1981
1948
1709
1114
398
1148
1331
1601
1776
297
354
1493
1295
1930
735
1518
876
1065
139
2040
1758
2212
1320
1766
738
417
51
2266
495
1079
603
81
1120
2028
397
1958
2044
590
780
908
10
1412
1528
1973
64
761
1276
1309
520
775
2228
1026
33
949
1097
1123
809
2299
1987
912
1611
1136
1610
48
1288
406
208
1788
2223
1685
1992
784
1985
807
2163
1969
194
511
114
443
586
1892
832
210
689
649
674
2
1428
927
736
1359
1277
1735
102
698
198
1972
705
664
1965
2274
1012
1145
646
1341
1152
806
986
2297
1977
2095
1243
16
897
931
1110
257
1042
261
1940
1593
480
1089
1622
1485
1599
2208
1460
331
295
4
1240
610
1564
164
1938
2199
1760
72
1177
209
1156
1027
1837
1945
1757
711
1368
1926
1009
311
330
122
415
773
2125
19
2185
2064
1798
2027
130
692
772
368
1264
123
1463
720
600
1197
1370
1036
1731
1967
1207
841
723
1382
1334
1199
2105
1820
2204
400
1975
651
1984
991
769
365
1635
855
994
437
1543
1132
1111
379
2197
1728
2213
539
1340
195
408
1929
1271
1453
1682
865
1691
301
2226
205
203
1756
1714
1066
1870
387
2061
56
2160
6
1705
199
554
140
420
2194
684
131
2219
2240
2147
1472
747
2207
1786
1178
121
59
1697
1598
522
2106
2077
1742
513
2093
2022
1306
1122
108
703
1741
691
2146
1215
1469
2057
1904
129
593
519
2168
85
778
578
1753
1408
1689
1508
1139
45
1960
1346
833
1605
459
1764
1674
1931
87
2257
378
1115
800
1895
1251
1201
616
1222
1140
1164
38
1491
434
843
1644
1708
1445
253
2117
1480
269
115
98
615
1673
1744
1090
2113
1583
360
2078
1352
1216
1879
571
1855
2252
797
171
2193
764
1117
1631
1665
367
2075
1782
1950
1767
348
1890
654
1806
1238
1621
967
1647
1082
2134
731
1127
1437
907
1575
1286
1636
283
414
1722
1750
1587
1402
1859
1169
755
1843
1898
1434
1920
1310
598
1729
1347
657
1248
576
856
1075
2128
961
1634
1490
507
1954
951
2085
55
1853
112
1832
184
1103
178
1442
1856
407
1126
133
553
1086
310
1752
1934
1088
950
271
1449
1828
1915
1060
1327
272
402
2255
2109
1377
564
1284
1212
592
182
570
1329
287
1084
1062
2143
1223
2167
319
668
236
1184
2216
501
1069
34
1053
259
1656
126
1519
493
2184
1274
695
2286
376
306
2151
1055
1792
1366
2008
827
110
1159
1257
839
1479
1175
589
632
1262
1928
146
384
1093
958
5
2054
36
712
528
1962
1342
1241
336
1425
1014
388
1608
2283
469
2198
1186
2115
1409
1318
2036
824
1047
183
1024
892
351
54
1467
256
503
498
1970
440
2091
804
514
719
655
475
163
1801
2254
89
1301
798
77
1994
1466
2214
173
1711
1864
1421
2285
1383
2295
233
1565
323
345
1338
923
813
609
436
116
1910
1991
854
24
1160
2112
1775
838
119
207
1597
662
893
1304
1155
1661
1846
444
533
573
1676
1986
2267
749
1203
1841
305
1344
1848
1899
1076
812
1596
2217
344
1410
2150
644
1561
699
1836
50
1549
1663
1021
439
307
2236
988
1343
490
371
1902
968
73
1475
575
946
2234
550
409
947
363
2261
536
633
1683
329
1606
1108
1261
889
314
795
2030
419
935
1602
672
463
1332
2052
857
2155
2296
1737
13
1170
214
1632
101
763
1429
2116
1005
1821
63
298
2071
1351
1876
2126
1966
681
921
2092
1095
801
2025
888
2043
349
989
905
449
2029
1311
2239
1532
149
1174
2035
1704
1504
1496
1375
1294
396
1015
47
247
1355
2279
427
234
1032
2152
1275
1074
1324
1282
996
2205
569
2188
682
1414
899
580
1690
2247
1265
270
1112
1819
418
1514
871
1191
103
472
1639
676
1471
882
1830
155
2156
1694
1330
1600
341
353
816
1650
2016
176
1877
614
1909
1761
1595
1919
1498
1087
401
1520
1781
1922
66
385
1908
2277
909
431
734
1783
976
2159
392
318
1527
960
1618
702
426
1376
1091
1900
240
1944
606
2196
791
792
2127
2011
1468
428
2018
1263
1628
1260
18
2079
193
739
21
1378
179
1684
836
174
1163
96
1982
965
1568
2107
751
2278
1888
688
512
1961
2111
316
1580
2104
1380
641
1845
1883
658
1941
1004
604
818
1068
1637
2102
1772
1455
1570
1787
1563
1624
863
1562
552
2067
700
1719
264
748
602
1194
175
704
74
1451
659
1224
1078
869
1458
1651
1339
1873
584
1031
1432
2073
100
1983
280
460
563
1617
1800
275
696
864
364
992
2031
1773
1963
1566
1678
455
260
1057
718
1923
432
2133
352
732
423
717
2023
496
2012
1840
1979
729
2191
1659
2202
425
1667
1759
1219
1932
237
395
1109
2276
928
32
562
1133
2065
1417
1746
97
120
625
1823
891
853
65
2233
158
866
1020
1017
2175
1497
250
2243
737
