1258
1263
874
398
1140
1675
1166
959
801
1301
1181
256
1871
1471
916
1055
1724
1898
535
447
446
1213
955
888
886
2262
279
120
1007
1337
2053
899
1846
1054
191
900
1359
1894
1253
1333
892
1022
1822
1372
1926
1983
512
2033
101
1920
1002
1158
793
985
1569
40
2172
2156
1398
909
1165
1013
1771
1938
753
1657
1146
2289
1141
2287
975
1270
890
1304
296
782
1285
798
618
1832
2284
124
1777
126
670
1171
150
1949
2088
736
1001
914
2021
1506
1220
1009
1131
2121
2123
71
31
33
1914
572
1124
1114
342
2130
72
263
997
246
1628
993
1937
662
604
1103
1694
1064
1523
2229
58
1116
1200
2203
1509
1884
1185
1240
597
328
2239
121
462
1849
382
808
1126
2125
860
490
1664
1049
1135
1562
925
1917
952
316
641
234
1369
1704
658
1646
1660
232
2137
1206
2196
1441
1476
1393
1874
1682
1779
1908
1902
2069
652
1718
1947
2150
998
1214
2140
1713
2027
229
269
1155
1831
395
885
1575
1394
1830
1676
873
1122
1111
156
502
1199
556
584
127
2105
1673
1388
1576
879
318
1041
495
1386
1381
245
372
1720
79
448
2031
1203
1663
2102
105
1653
529
1094
936
1504
898
188
552
761
1081
820
166
1057
1037
1941
1781
1282
732
1596
2162
1505
1313
2191
953
2209
1804
831
882
1123
2072
961
102
1254
331
999
2292
825
1198
94
348
123
1316
755
1106
438
1867
1018
2006
362
1060
2101
1265
358
1971
65
1948
1072
1864
1508
1395
923
27
1533
984
1711
2120
1179
213
830
1110
110
396
1574
53
1068
1674
380
1857
189
893
1905
1315
970
1320
2107
1389
505
1400
357
765
1149
1473
1232
785
902
1250
786
2016
595
487
1137
926
2014
1654
1799
2147
1770
1638
484
225
385
401
85
1554
1287
783
1299
2301
1656
2288
1566
803
519
1445
553
1823
721
1913
367
1963
1357
1269
1787
131
714
590
1550
1923
944
806
1748
356
1525
617
1688
1665
711
497
20
353
1437
1757
1681
2188
439
646
1689
1953
469
536
1050
253
1436
1104
1658
1362
1494
465
1405
1616
537
869
1702
1933
752
1430
1142
974
500
1264
1619
1736
1784
1503
1187
1062
2230
1900
995
2168
2092
1809
907
270
97
875
807
1892
1063
598
567
1410
0
1977
636
2025
1580
1051
1120
1145
2036
857
1036
1031
2193
1277
1808
352
1255
1006
1992
871
2013
184
107
738
1583
1684
1042
1345
1515
1404
96
1012
292
1011
2268
2093
1907
1922
2034
1896
1543
2152
962
1957
2117
2293
411
336
1987
2232
1649
2022
1721
840
1582
1434
1379
1520
1753
183
2187
1365
1978
66
545
332
422
1869
1613
1934
1170
454
2032
1148
1723
945
942
1535
171
1797
276
25
273
1028
1930
548
1634
310
876
1863
963
1895
731
1642
889
10
165
1512
383
1825
1453
2181
843
22
1047
329
1325
112
1731
1979
325
228
230
1163
2146
1604
41
653
994
2217
2200
1280
710
729
1259
488
1800
1281
913
394
1151
1222
1679
1284
1597
1223
631
2038
2028
654
444
2050
1079
1464
651
524
1845
837
2091
927
866
1881
861
702
1293
1380
1229
1005
239
1090
839
278
2058
695
2127
1712
1117
1086
92
220
1056
1891
2211
1099
2291
1819
600
531
992
49
1548
1191
2020
476
322
1709
751
1850
1384
35
599
197
1918
896
1810
1552
976
1108
1023
2052
1178
1174
1995
62
587
1942
943
673
688
1261
1853
1493
982
520
1391
216
306
2081
442
1153
417
1648
315
327
1573
445
1760
1875
816
1020
629
1082
1323
1209
412
1224
1000
1422
370
2285
1279
1551
823
972
128
1251
81
2206
1026
259
1195
1887
744
1446
919
252
1470
1792
1119
1714
1803
605
2075
2067
1544
381
1955
471
244
54
829
645
1461
1847
1454
2248
1460
1342
1449
2113
928
4
2119
1226
1444
528
321
722
138
1893
1910
1627
144
1243
1133
1639
437
542
1239
212
1521
644
2079
206
741
1218
1912
2176
1589
534
1278
918
1501
544
903
1526
1640
435
859
1598
1925
533
304
649
1655
2269
1767
2283
996
864
937
1935
615
1168
1530
521
1747
932
1986
51
780
988
1227
2274
1782
337
393
904
865
1321
1553
136
1109
1630
2166
359
593
573
1014
1418
774
547
935
1608
532
204
1097
948
2160
1581
251
1870
2236
1668
1839
941
1775
915
1496
1734
1084
564
642
2158
1184
2290
7
1879
2005
833
44
1331
979
192
1916
1267
2299
881
1707
1727
1048
1836
851
922
1989
763
2201
2163
989
912
2124
1603
799
431
853
2145
794
960
1025
1813
368
1192
1961
266
1883
514
1814
665
496
756
971
1615
1885
2302
387
2197
2078
1017
1671
2089
1221
619
834
1294
2234
870
1076
1960
990
1143
1729
2170
492
2213
2057
1601
1169
1945
1991
696
601
2045
637
958
1132
1517
507
835
1944
402
1467
650
764
1125
2251
560
754
1457
666
1837
2221
19
23
1928
1592
2008
1590
1053
1303
99
551
1383
508
2184
1458
1420
1889
759
1396
1788
1545
1039
2037
814
1685
854
2095
1443
1256
2273
921
221
1073
2122
671
2238
142
677
21
1435
499
1245
1790
557
2294
351
1728
2004
1189
2043
983
1617
1710
1268
378
1324
339
566
376
2055
1796
1636
2111
472
776
1249
95
846
75
240
1045
242
1190
88
2237
1703
2019
1480
2222
1492
238
1098
956
1188
1798
2297
457
705
579
1468
420
626
1968
2214
305
884
1397
1577
1785
591
289
254
849
1950
515
659
680
929
1593
211
628
2242
1510
1997
2245
1456
1904
697
491
200
1248
26
1861
2295
47
1262
480
364
506
52
709
1690
571
1618
657
86
1629
797
1643
201
635
1842
620
2012
371
1497
1161
103
911
1058
704
1959
632
176
795
1459
1967
1484
1587
2271
1177
1696
1527
16
1644
1817
883
374
1697
748
1943
2220
24
2228
389
616
1740
1030
237
1882
366
678
648
569
681
1840
1412
818
966
344
2074
1128
482
1208
182
1162
2098
1754
577
698
1219
185
3
791
390
1786
1818
68
2277
2128
1156
625
2278
1360
1004
1160
1774
1514
2041
750
148
1491
2070
1376
2198
1066
1194
1233
1698
1021
413
1555
1306
222
1341
787
2250
701
1824
50
862
143
2060
109
1096
917
789
187
980
1408
967
1150
1624
1071
852
193
565
1035
1038
718
811
1368
1033
1732
2169
2083
855
767
841
1841
676
1541
463
1266
2148
1951
1257
1286
1733
1812
2270
177
810
427
1489
1764
745
1426
661
409
104
1726
720
2159
1939
361
168
1778
1088
719
346
284
1297
2116
1749
606
1591
1356
1738
1539
2254
1999
2049
660
430
1730
158
543
297
2153
1572
1687
248
717
934
1260
1466
1801
1371
1216
950
145
89
349
758
2199
559
1626
1579
468
1139
264
951
555
2154
1351
2054
1952
1568
2261
406
1091
2224
76
207
258
501
1130
1964
679
2177
64
1750
2298
2190
1929
451
766
683
147
15
397
326
1946
1805
1571
1725
1024
608
1274
2141
1549
1833
664
78
1065
309
946
308
638
1482
2099
667
1314
1567
146
1059
1772
2040
1425
1610
1518
307
1364
675
2096
2215
415
1366
1093
1330
1722
2223
762
231
1584
589
850
1411
822
2282
668
1157
1585
715
392
1511
1622
2194
1092
933
2272
725
1586
656
2131
37
1793
179
210
271
2279
1985
440
539
1769
42
2063
826
1741
1399
1633
330
2090
1046
1516
1701
827
691
771
1715
1680
1768
478
1890
585
2071
163
2103
111
1502
135
583
1498
260
1661
1667
1415
1931
1385
1739
2233
1138
149
1542
2195
1776
36
2115
1826
1872
1705
518
1231
1954
91
940
1828
458
151
707
1074
2219
1417
2189
1794
596
1147
723
931
1427
250
1409
1742
2225
1981
314
2010
1843
1204
987
1083
2252
74
1463
1862
2186
2207
1483
1519
57
613
257
947
1438
2082
1085
453
2108
2061
475
241
580
2241
1561
195
117
1880
69
432
1402
1547
757
1105
1075
8
18
218
1802
1691
2202
134
1290
60
1127
317
938
1196
2258
2265
1848
746
290
685
247
1350
991
421
388
561
749
1288
887
1495
236
375
399
467
2065
294
11
910
1040
2260
2094
408
1238
2000
2155
2249
1911
122
340
2227
2171
1652
880
1344
1121
1558
824
1340
428
1708
578
2132
433
1570
461
1335
1173
214
162
1540
2097
504
1915
1241
363
1237
1407
1620
581
418
669
450
1766
1450
154
1611
726
969
895
1851
739
1500
1588
2100
1318
455
1700
1003
562
1924
1735
574
1329
267
2056
1821
169
338
63
498
494
647
2048
686
2208
847
1474
1242
215
219
1599
2059
2015
2114
277
2029
2042
2077
1252
1428
426
1632
323
1970
2017
1716
295
1647
379
2161
460
152
690
1469
108
863
1677
1877
1829
1932
116
1300
809
164
1319
1136
46
1909
90
1027
1336
779
293
137
1374
106
1594
2266
1413
1564
194
1631
1447
602
174
2135
1927
1994
113
39
1406
939
1621
743
1326
159
2009
1487
549
1382
98
227
141
493
1052
693
844
280
2179
2011
299
1247
365
1201
198
286
275
1807
2066
43
1327
981
436
634
1490
1806
55
45
1765
558
1043
1477
1744
489
1763
132
2281
443
1423
643
1761
1692
627
878
2264
1998
287
1903
1211
477
655
872
1560
576
611
178
2149
740
1172
1755
180
1332
2226
805
2110
1975
522
800
610
1855
1795
1343
1275
1175
1235
706
6
100
157
682
2185
1866
1678
592
1936
1363
160
1751
1387
441
614
1919
503
1202
1296
114
1791
1958
742
1695
1670
1197
298
2143
735
173
1353
1100
1481
2192
130
1134
510
1854
1338
1783
483
772
34
1298
1452
302
821
1419
2296
1112
1972
1183
1980
1966
209
301
2073
324
891
712
1743
1429
877
1852
118
1773
1102
1488
196
1827
84
804
1272
1669
452
1534
2173
386
1641
1865
769
1392
784
2085
2263
2246
2235
2267
819
986
812
1310
170
1367
243
1988
1095
2046
456
285
2138
1010
747
350
355
1061
233
1973
13
728
77
1856
842
563
1431
12
1472
1878
1758
1860
2216
603
965
2086
1433
1815
56
1
153
474
2204
1080
1921
190
1414
405
473
1816
1623
265
2084
377
1442
1993
586
481
1228
1659
1193
901
978
1236
856
1167
694
700
288
2134
1115
1182
2044
1522
568
1759
2104
845
588
1956
1465
1355
1322
1015
1600
1976
1662
2275
1719
485
924
2023
425
28
1834
2247
781
2001
1339
434
1334
1044
347
1974
905
464
930
1295
1164
1205
1077
2139
1899
2276
1762
1348
32
424
1645
1706
249
17
1780
14
345
2039
217
1352
407
1479
730
2142
1403
360
181
2167
684
1897
973
546
541
291
1536
1032
538
906
582
235
1699
2256
2257
1317
554
1752
1858
80
523
1557
2303
87
1302
527
311
1672
1244
594
1176
1563
1820
1273
957
768
274
224
734
1078
470
737
1965
139
2165
400
1602
689
403
1565
167
2024
262
1485
1524
1607
48
570
920
1354
1370
1276
968
1154
708
226
813
1312
516
486
205
1451
2026
272
1717
792
2210
778
30
1421
335
2136
1448
1609
908
67
459
2174
1838
1373
2129
1475
1390
1666
858
1069
281
1159
129
1990
1271
320
1101
140
186
828
622
1234
334
1230
1868
2062
1578
303
1113
699
1212
261
954
1625
1962
2151
93
1683
1346
727
1378
2068
1635
1180
82
155
2180
1532
1118
2030
1455
2051
964
2133
1693
1996
1215
1305
1486
716
341
1556
1612
640
208
414
2300
949
796
119
2002
2064
817
1107
511
550
526
1686
663
2144
202
29
2205
2182
1789
775
624
391
70
540
894
1637
1307
1375
1984
609
369
777
2286
2157
59
1513
1210
1737
1311
313
1246
1008
713
517
1835
2164
1016
1347
1029
423
2087
1289
319
836
1186
1478
419
1982
1906
672
1067
1034
2218
73
1462
2007
5
2018
1328
802
2080
1309
2212
1019
1756
255
1886
1650
1089
429
449
410
867
1859
509
1811
1529
2240
2003
788
692
83
161
2178
2047
2231
897
630
790
1844
416
1499
703
815
530
268
977
172
2106
175
466
1424
2035
2259
2253
1538
868
1087
354
283
38
2109
2175
1377
1440
1546
1207
1361
1595
61
1531
1745
612
525
724
300
1528
575
1292
621
1940
404
1606
223
1559
1349
203
1401
133
1507
674
1969
479
2280
1152
115
1537
282
1888
633
848
1416
1308
623
639
773
1225
2112
838
733
2126
513
1901
312
770
9
607
760
1651
1873
687
333
343
373
1614
2255
1144
1129
1217
2183
384
1291
1432
1439
125
2244
1283
199
2076
2243
1746
2
1605
832
1876
1070
2118
1358
