9513
8978
15657
3375
6872
15147
11561
9042
11302
2430
13947
9679
11090
8232
3282
7465
8277
7909
8712
8716
2790
9254
10908
11512
11037
2846
7568
16464
8675
369
8736
11472
8920
8950
2834
15273
4212
16967
1941
15133
13400
3989
14310
4780
10823
3694
10363
16529
2531
5330
13016
7631
15094
14627
18352
18287
806
12878
15762
209
8989
17656
10280
8245
14902
15130
6460
9924
15113
10108
6785
13500
8337
16082
9620
12639
12837
14481
9938
8786
7299
4679
12208
11396
12579
851
6664
11608
14053
8868
11668
15140
9851
3374
14469
8721
5967
12143
8882
8857
12527
2894
9659
9337
13785
18255
14819
16552
10256
1605
6904
4838
15947
15360
3369
16150
12834
11173
11044
18033
11119
3377
16572
18190
9125
6863
11176
14696
8815
3790
16908
10860
10107
9534
1327
8851
8615
12182
10068
6828
9489
15381
4940
1646
14860
9518
15353
2898
8931
14910
11202
11133
12872
16221
12145
5886
3798
14120
2382
3834
10095
10764
11053
4084
2206
6711
8483
3810
18289
15173
12566
8272
15099
9942
846
15533
11474
5776
15463
7158
15897
7289
10858
13305
11026
10326
11286
125
6064
9838
3835
9842
15272
8913
5378
15078
2257
5003
4430
13951
8398
15499
17038
17975
10966
7796
17070
9252
15514
5551
7800
13466
4605
10723
13475
5794
7894
1767
8681
10499
15310
971
11727
3488
17701
12044
8827
6842
14445
14926
16358
17197
7420
15653
13714
3322
4158
11886
6978
15179
9960
1938
8562
5011
12212
17952
15164
17794
7803
12111
2916
1287
16016
2572
5067
1693
8996
16602
9294
8315
9262
10867
11666
12155
11529
15227
17630
17812
3728
8934
3778
6387
10160
17429
7571
10320
3853
8538
5740
10835
2963
11649
9638
9043
12808
9618
362
916
2394
9464
5717
304
11566
3019
112
1762
10960
6865
8740
5696
7266
15768
10531
5902
7820
543
3986
18030
15246
9300
13712
8564
15583
2125
10100
7336
10827
17840
1828
11025
15122
13968
3438
16357
6452
13065
10887
8866
10037
14321
6256
3058
8552
11478
16432
15582
10077
9209
2841
11179
6132
18196
12929
18130
1445
7830
13257
5866
11310
15548
11686
5158
13849
14482
16372
13198
12561
9490
14695
10924
9003
7618
43
8808
7447
18406
18276
11002
8954
2626
2633
14083
7798
3799
16437
12488
8867
13511
7369
8062
3522
14925
6673
11984
632
16493
16103
11375
18256
8325
14389
15563
7790
11972
3383
10781
11486
14809
9038
15471
1684
16019
7179
14459
12095
7168
4947
4279
4748
13017
7641
16679
14937
15169
17084
2322
3838
11814
6500
7694
3627
15950
5363
5742
7613
320
1068
15161
17465
9270
5877
9129
15508
7080
8777
10385
6692
9635
4691
7247
17378
2708
16811
8644
8806
10757
10258
2596
7333
9982
3368
9286
6767
544
5227
9909
9438
618
16270
15783
7749
5127
6899
16495
17401
7939
1447
11382
2571
2899
2158
14102
6705
8739
1431
11679
16168
11483
15149
2691
9848
8060
9540
17188
2570
5010
16263
10119
8479
3509
2471
16162
8722
9173
2955
5417
5958
2862
10209
12042
7212
12875
18060
15269
8798
6068
5899
15683
12715
3403
3117
2174
10373
9766
1335
11683
6987
8291
2639
11221
6296
9648
14526
6014
4469
12334
522
1700
9216
4868
6690
11186
4867
1804
2088
8813
16743
5828
2537
10293
6707
10288
4559
8113
2843
16978
868
1392
2352
2024
13244
9430
13150
15726
9026
7101
9553
4839
13092
9519
11924
9257
6834
16101
14189
8836
15610
5098
7431
11970
4942
9377
9166
11108
9388
17195
11149
11142
3344
8947
2133
9258
14215
2068
17042
12043
16448
12011
14601
16036
3818
17413
8781
14416
13810
8990
14977
3978
6688
14198
6383
11163
5840
14919
7890
12924
14962
14994
5542
10905
17110
18025
9868
2662
7198
12132
2592
179
12832
4830
10937
5747
4280
4964
11671
4182
7104
5701
6237
3714
15658
17931
5846
14169
9327
4777
14536
15501
3336
11269
3401
2170
5736
12257
2326
17332
11050
6831
18084
7100
8879
9117
10521
6117
6197
11916
12247
4852
1407
9359
10612
5513
17540
6725
7555
14911
18405
8505
16563
16020
6647
17553
3389
4834
10837
2486
8967
18082
7536
2163
17126
2604
1171
8738
15261
591
5947
4229
11084
17658
10248
8208
2617
1676
8918
6843
16251
8842
1424
4645
7515
11695
5039
16340
9488
4534
1911
8504
11055
9384
2991
9785
308
12925
6146
15929
3138
2589
476
18186
4206
11371
15316
14972
1750
15986
7861
7368
11114
11054
9111
18299
2978
10760
4114
1980
4104
11831
12433
10329
3653
10663
15049
12911
15014
7340
11650
13352
1730
11446
1047
3330
14154
2091
1771
9673
5527
13011
12209
3854
12336
8889
9459
6088
1908
9928
6037
12954
9417
9562
9645
18431
17450
5103
17194
4374
10609
8548
4695
2819
11610
2173
15053
11537
11696
17810
8758
17566
14607
14934
7081
11033
15731
7098
15064
1979
9102
9588
15200
786
14041
12300
16966
18031
8263
7556
11321
4211
16564
10647
12295
4371
3259
5234
8829
10848
15898
8663
5449
6422
15502
14519
9503
15332
1784
9005
948
12112
6930
3055
15805
10434
12531
14885
1709
7419
13609
8833
18032
3823
5787
4142
3367
11951
6473
7013
2160
11793
4382
5966
2135
16400
4163
10787
10072
10807
18317
10906
4620
17547
14266
17995
5780
9451
4543
9922
6620
8901
1154
4400
15188
17170
2774
7298
16212
3851
2376
11388
5186
13703
17511
5675
14411
16282
3217
15542
7136
1513
5177
7489
14504
3966
5265
4590
13433
4128
6499
6254
15298
1326
10562
3257
9875
11920
10574
2775
6883
2117
5486
15065
18295
2045
3256
6657
17990
18258
6937
12636
8194
5200
11067
16931
9128
670
1786
17016
14148
17234
14957
3110
688
14299
15146
13966
11056
8526
7951
10983
3748
17820
11880
11507
554
2371
6579
3444
7814
14759
9285
14055
10430
10539
9601
15559
4232
3378
15764
9892
2399
10063
8912
10916
6169
10325
9582
276
1196
2738
10424
2128
11013
9154
93
15430
2970
14974
2334
10161
2672
5909
14932
17512
14551
10556
1413
15255
7661
8401
4016
9763
2193
2712
10134
15275
1412
6464
12921
15531
16310
11115
14990
8267
3327
4687
17175
8986
11199
17181
4238
9235
1805
17221
16700
14708
7216
10854
12239
8144
4517
17945
6344
6844
2304
10778
9426
9891
8320
9364
5535
13094
192
11890
17946
5359
14229
4674
17199
4720
11360
5166
8895
16350
595
14054
12972
7238
8287
10610
15054
1270
16122
80
13099
11348
3855
5305
2021
12468
165
17867
8613
3605
7857
9914
7551
2809
18330
9580
1876
17099
8284
6817
7726
16587
2685
1878
6668
12046
15910
4802
7006
15429
9742
2557
7993
7461
7668
14763
11359
7663
9560
9077
10899
17877
14228
14213
18388
15703
11280
14225
12229
7036
4468
7794
14882
15472
11155
15023
9094
3342
15823
6955
8621
2601
7540
8779
8466
798
8141
9232
5870
5558
190
8029
6414
3964
4310
13024
11409
15608
1654
3010
10126
1418
5215
16483
15592
15744
1453
4076
176
12855
15056
12973
3919
14970
5872
13900
6723
8352
16353
11557
2902
14652
9936
3794
864
714
9852
9716
18058
5252
18401
9067
18015
7107
4465
16541
2028
5428
6755
3315
7806
13410
1305
3590
17706
16704
10974
8307
10079
6435
3581
4686
18034
11518
4900
17731
16942
10711
5838
16807
5789
10115
3815
6293
15125
17611
8730
8709
16223
3504
15116
16169
7219
6349
14315
14222
12906
9508
17784
14891
9169
3365
7611
2094
756
10576
7969
14339
3419
14284
18410
4946
10754
15111
2717
2076
14309
1685
13442
17056
17830
8140
7522
1317
668
2392
3829
2663
10802
11846
3036
8742
9222
11646
8167
5731
10164
3846
9509
13557
2226
6215
2561
10111
4019
95
2527
8635
9626
9905
6265
6514
5149
11385
14757
2495
5029
2404
3294
3692
9835
13555
18221
15725
15886
15411
6847
10689
2654
7872
1487
4579
3741
14907
13917
17325
12605
3560
18064
16783
16922
619
17330
45
7396
9314
1807
9585
8304
4187
6717
14575
2435
13401
11092
17629
9522
16855
8435
14856
2307
7106
11193
17327
6805
1672
13363
17590
12459
8046
7097
5121
7313
4478
4738
10998
14173
1746
15201
11126
18160
16093
3162
17104
4989
4810
9084
14451
14052
11628
8753
3091
2524
17228
17582
12791
16706
5042
2398
11459
6938
10813
18198
9184
8470
12309
16323
15343
10102
17178
3809
4743
3050
9753
11546
11339
17526
4789
1588
2551
13101
9361
1956
13893
119
10302
5026
13540
114
9949
7488
526
1597
2986
8191
12849
17212
1715
10930
13289
17018
14555
10041
13108
8955
5231
3064
17052
9726
3494
8359
4975
1440
585
11889
3974
6448
12997
4772
3852
13284
15534
8312
3606
16655
2184
8870
7329
11883
9174
7364
13838
18387
2418
4069
9374
11188
12801
15736
6769
15448
18046
7566
14930
4123
7285
10599
16304
10894
14511
7201
15079
12768
16305
5807
7880
7534
12910
3106
2153
13302
17050
15576
328
8057
14830
447
7356
4765
12882
7000
11868
14923
15698
3220
11514
12074
13782
3602
2763
3
9912
5493
8800
13902
9695
18151
3861
8734
17751
7737
13345
10419
16246
696
7182
14691
17144
6095
3445
4667
2148
14959
13678
962
17367
3204
15442
6864
16965
1088
7161
8789
489
15521
18232
4190
6571
6577
3031
1220
2299
3828
10633
11041
15284
7246
655
14717
11979
8566
13268
7206
16566
3087
11641
3196
14952
1934
1292
17929
12089
9061
17627
14917
7625
9409
564
8745
953
4956
9297
3898
9697
126
10274
9355
18155
1310
14969
8045
9952
17581
3777
12297
5030
3780
15470
438
3776
2252
12226
11939
2420
9140
17140
2943
16594
8935
13079
16651
12354
894
8761
6184
13007
15995
8805
8476
13165
8043
9071
9114
16281
16453
8547
1211
3775
641
15883
8508
16022
12648
17992
18022
16259
5364
8843
18103
7455
3100
1324
1329
9876
14434
1149
1551
11068
232
13009
14965
14964
17263
15603
5238
9999
16066
4558
8122
8969
16956
17785
12812
4201
18365
14848
15810
2389
14981
13940
4912
14874
17471
4716
16096
15387
10815
10324
15782
5335
12608
15707
11086
892
8475
17596
15184
7344
12335
11168
17320
2962
15004
8382
16207
15746
5384
6521
842
10709
4792
11992
12465
12088
8418
12363
13082
9797
15877
7505
5758
16158
8861
4681
8775
7494
15092
17958
18012
1296
1114
17544
13360
4726
12100
9514
14509
16559
612
8313
17121
9996
14288
6103
1423
3825
15098
7165
13925
2810
7652
7453
4885
8942
6708
5694
11306
1377
5918
4472
6763
2650
7261
1484
4893
17010
13884
2854
1902
1360
11602
15830
4060
9587
3347
2804
368
4876
6316
6982
1661
3679
2368
14081
5910
7910
5903
7744
8222
8542
6829
13162
11873
12232
15388
10864
8082
11223
3455
8443
7697
11617
18112
8071
15985
1354
2232
11969
1274
8803
9245
13720
15402
12008
6779
640
8055
13318
7126
8577
6721
18188
16586
7441
13819
17673
16955
9878
3404
6889
8960
8985
18239
7292
17772
7680
5076
12962
8907
3924
5083
3079
14897
8108
12186
7311
9458
491
2587
8981
17156
9036
13831
3291
5133
10339
12367
9408
12393
10553
12633
1723
9162
15232
268
13899
4085
12359
15980
17845
6527
11407
7037
1916
11588
12288
14095
9392
16030
9814
4861
10955
12888
12844
4285
2411
16846
17913
8521
8852
7155
12505
10097
6015
10103
4723
9357
16409
4268
9987
6376
2925
578
17146
10215
4440
16652
17607
11910
14649
10515
8883
14384
5871
6036
13938
7638
8009
1039
9709
9326
1638
9309
6294
16959
7850
4897
9933
3230
8530
7303
6776
6943
13515
323
6198
5084
17073
5555
11465
13721
5775
69
1259
5674
5154
1744
5005
2208
14557
10703
10242
12014
9600
9624
12167
4461
1833
3114
16983
16804
2205
1322
10926
11619
4823
8529
15277
9004
7271
15022
9178
11923
4439
10855
8911
8982
12484
10605
4711
6289
2335
14240
7926
3463
10825
18073
11635
6731
11934
8330
7077
12273
793
3186
7372
5570
6270
13618
6013
14338
11001
14576
14729
17307
4625
13588
4424
16490
7925
2254
9511
15881
16799
18170
4739
6924
12643
2115
305
5024
13485
5435
18108
10354
12922
14816
9957
4483
16702
2093
13508
10120
13447
4234
7741
12662
16901
6504
2839
4062
5236
11767
7732
6516
10345
11604
1148
14600
2597
11622
12178
15474
18194
2455
7131
15170
14866
12156
3164
14605
844
834
3067
14219
6361
10104
17454
16129
13598
7948
17764
940
12836
8772
3789
17579
14047
13509
5326
1249
9568
17317
4210
12030
9523
13971
16921
4499
2661
954
10397
13784
6178
18383
4539
26
15666
3871
13219
10408
15982
14074
3084
9347
2164
9570
8392
11697
4159
10094
314
15824
3630
2762
627
9563
11802
9666
4049
1406
3129
14135
12665
15829
8606
6282
13342
13250
3951
6735
12508
967
2666
8081
6596
14424
6820
13642
11157
3792
7832
8409
2410
2817
3154
4275
10014
9211
3967
9774
2503
8780
3623
9536
5208
13556
4459
15528
13225
3477
3440
2778
8168
18297
4652
13207
15820
15037
16176
8997
18203
333
12923
6394
15083
9554
14903
10877
16557
7635
2877
13990
3744
16289
7598
3459
15991
12988
10105
16424
18172
3244
10109
10402
4671
7443
6187
3822
15062
17625
15745
7204
15011
2700
11007
5058
15372
7987
7279
1633
7897
3054
14687
13964
5032
14880
11538
8977
7187
4055
6465
1187
11707
12411
8366
8551
13628
5035
1987
2736
4637
2119
17232
12623
3928
10843
6335
9476
983
14365
10188
2462
9542
13276
5860
14807
14690
8177
1051
14751
14980
14458
10878
15365
14463
2240
11892
915
2734
12621
12395
1474
1617
2312
6995
8269
1600
11848
11150
3553
6108
205
12574
13051
15632
6713
17510
9053
343
12085
16052
1679
13969
8807
11742
11183
17774
302
15634
10994
7769
6990
15710
11661
12800
94
1103
5273
9625
2595
5059
2491
1613
17301
8217
16173
15732
18126
7175
15118
12320
2529
16780
7731
1782
12432
13262
9966
3034
6639
13505
3011
13803
4858
12739
10925
14304
7044
6290
8171
11888
7473
5963
10798
7801
4462
4754
9623
12381
16397
16067
13544
7054
259
4697
9434
12644
1091
5737
3159
548
6506
8958
14376
17047
17101
8413
5023
4233
11662
13903
353
6081
13069
3219
14908
5784
4995
7078
2723
12935
17151
14986
13448
410
12889
3233
3272
17728
788
10996
7423
9107
767
16131
15613
9467
4519
1390
17925
9593
14046
9328
15595
14256
14619
3675
11584
1150
17800
15751
6421
17792
10191
7480
12632
14036
11230
8766
8810
1084
15806
5713
7984
1572
15825
10425
1686
12163
7083
9212
10828
14439
5368
8126
13280
8747
9944
4347
13456
9277
9943
3465
14348
9918
9089
1321
12586
12421
16930
8381
2268
9237
12077
15199
9135
15203
10123
18116
2385
11297
8436
17878
4731
9954
11307
5788
7307
3636
7600
4717
11300
1628
6165
14894
9571
9291
3950
5431
8293
4445
4821
8067
7764
15321
243
6691
5880
3519
4508
17414
15843
7839
794
893
14383
10138
6070
2190
9199
16335
12897
4442
12559
8790
58
5894
1722
3765
12313
1801
14669
15786
2908
6171
4889
15611
17767
9108
16731
8007
10847
17816
3474
12127
1843
8143
11861
5826
6233
13935
9888
9006
11973
1809
16979
6094
6988
15942
14082
1197
11595
7837
15163
6122
15247
1627
14311
1344
8561
11384
11305
1840
5423
15180
15352
7991
11456
5552
8274
2779
6894
13722
3526
9483
6239
11611
3727
4305
1587
16982
7914
693
2403
2324
1195
10196
17739
17433
2740
7171
12600
16974
7087
303
9591
11751
7655
13063
13437
14157
150
12946
9886
3311
1620
15160
10914
10990
15060
18218
15059
5882
16143
15382
3665
11400
14324
16518
823
17129
17185
12221
12934
15006
9465
762
8797
9615
17870
2136
16359
7933
11866
10002
4241
7152
8297
3393
9689
7474
15366
15072
10491
3318
3733
5484
16277
17399
9983
15618
10315
14166
2044
11391
6315
3603
16881
9127
13757
7676
4755
1523
1826
4253
4030
2716
13020
6876
7827
12829
8705
10526
6336
2706
12269
10614
15274
16332
17855
1137
15305
3310
7716
16643
10601
2013
13564
5525
7411
3132
7992
12617
9380
14747
16779
2605
13248
7422
16988
5013
12187
12184
1756
5583
6515
9754
3876
16892
17365
9997
8574
11461
6160
10377
8845
513
9002
5900
3540
12689
15968
1144
7615
9221
5108
1747
6412
6615
5416
17991
16034
14587
2042
3993
2291
6644
12372
3308
11159
9675
15127
7757
14692
14425
14390
11582
13236
4910
18247
15414
6426
11160
515
12464
11871
121
8427
15865
4473
17227
7499
7520
15894
17773
16697
7912
7656
16866
13755
7983
15081
9548
4869
16098
7977
17321
9703
218
4098
4003
13932
17034
9228
13478
12278
9319
2100
7146
10912
10220
12658
3144
996
8078
10257
16661
16764
10206
13470
6224
1691
17710
12461
15675
5883
17068
18210
12777
12669
5536
8713
4811
6529
8759
14933
1624
13625
2695
11170
11125
17550
12907
6008
7352
2344
14077
5653
6269
10688
10221
7835
6176
14898
16084
13001
1820
15577
17303
5210
14020
550
2719
12729
12174
6495
15061
2807
15025
8746
18326
6720
1312
10466
7506
3760
13737
1313
7593
16574
16720
2517
7111
2054
13443
13863
6134
2707
15121
2143
13679
14023
5321
16958
15440
2629
8407
18280
256
14246
12788
7569
17309
6573
2360
11762
3892
15108
11630
16501
6498
3806
17209
4322
3535
2941
1007
9020
15708
344
12553
4093
6921
9246
9226
9358
8376
13286
7504
5671
13844
9133
5276
4988
17083
15280
6738
3001
6804
15737
8512
10527
3891
14064
9085
16568
8396
16596
18420
17616
14409
5410
2428
6018
9186
11648
3796
8360
15236
9152
512
7282
1281
1342
17043
15444
1742
6249
11480
7570
4189
13730
115
10011
16371
1905
2584
1320
6540
11953
14665
13635
4097
11076
4181
11458
11000
3685
15455
12010
5898
9931
8937
6001
4670
7475
17542
7501
12307
10084
11057
12332
17131
10110
2161
8593
3737
4216
16777
17451
17488
4713
17886
6633
13817
5847
17011
4460
2892
8492
4710
18092
589
7082
968
12116
7772
2037
3976
3037
14323
3742
14153
3278
1389
164
12526
14883
7874
7670
16418
12602
3758
11838
280
13894
1427
1508
12743
2573
10335
2224
10909
8729
11333
13119
12642
10968
16654
17520
354
10330
3295
4845
3139
16252
13928
3757
7535
9283
14070
11734
15605
10981
5700
1867
17237
8084
12555
13824
2046
10378
10297
10694
9147
18425
436
