1520
929
1249
2032
181
1678
2190
430
417
1212
1911
153
1357
497
1009
1510
1934
813
1504
1310
274
992
1366
859
427
1143
1023
1264
742
984
1375
92
1889
45
806
921
939
1976
857
1761
1487
1363
2024
1254
1884
105
1878
1973
1106
409
684
1086
2299
157
1245
1285
1800
163
804
1276
485
2200
1945
1268
1004
2240
660
1663
231
633
337
1342
1743
2235
2149
1519
1302
1693
1544
2070
477
925
377
1909
2287
686
530
1112
1036
2126
2289
1893
1585
1296
1653
2255
863
1617
2110
745
1388
1791
2248
928
458
1737
1069
1050
1272
2152
1718
448
1805
40
457
1528
345
1631
1655
1197
1185
339
2288
506
2224
830
97
692
713
133
1364
937
188
712
2264
1455
1814
112
1505
1007
2030
80
1060
1671
2028
400
1146
294
653
1055
2167
895
1010
861
2194
1064
1882
83
446
62
466
1644
737
2084
172
1795
728
1384
1149
2016
1637
476
887
1917
445
607
1172
1506
1896
2236
1682
832
1224
930
689
1518
190
316
2008
230
422
1436
1097
1399
989
111
1774
922
84
1470
1360
612
226
1305
682
966
598
28
2183
2144
1854
1235
1330
34
1521
1925
1993
1496
195
628
1054
161
736
683
1620
489
2020
975
174
443
2210
881
858
1213
2162
1226
1390
2034
934
397
1994
1828
1775
2014
2081
845
255
1116
944
114
2223
873
1709
1105
862
2284
602
680
1428
890
156
1598
166
2145
1840
1085
1572
25
1542
875
50
1373
998
2181
389
1246
818
1581
311
3
154
1037
1832
210
201
880
160
1461
287
301
2124
2143
1927
1710
924
1541
864
1140
723
1734
719
851
1118
81
2125
637
2156
1242
590
550
1984
2022
720
1686
368
1426
1314
501
915
2094
732
27
1874
613
1344
525
1255
1929
847
1164
1038
1279
1216
868
1630
1837
1460
1379
60
786
95
1596
1979
101
2225
1067
771
2131
490
347
1615
140
86
620
2244
1110
460
1940
117
1699
415
334
761
615
1394
763
714
1072
867
1942
2277
558
1173
1191
424
1303
89
2017
741
537
264
2292
2098
920
748
1785
2078
897
575
794
1817
1640
1262
1169
38
2113
1492
171
1530
774
629
574
464
1022
319
1260
1439
403
725
1636
1402
1120
1900
2179
2036
1857
1870
1209
782
1741
1967
1445
1206
986
744
2129
432
1494
1420
221
1033
1629
589
1885
1389
2047
113
940
1345
241
1243
798
631
1720
656
297
463
225
515
1027
1074
1561
2269
312
1908
687
802
1733
177
810
733
1134
918
375
540
1563
811
132
852
285
1690
233
1935
793
365
1931
1484
303
527
340
1749
2207
2023
2273
1125
1876
269
1600
357
2172
1842
90
2165
320
307
127
283
440
1292
582
141
990
841
336
1177
272
1356
505
1407
849
1833
1881
35
1451
421
1275
1825
581
1184
2123
398
674
1493
2033
2249
412
1248
1619
1471
1803
2281
1499
931
1129
2268
1965
1183
222
2260
284
945
314
1673
1708
1352
1538
108
99
1019
1725
2117
853
1647
281
2291
200
1049
546
778
1211
1479
1796
1985
1416
373
1777
1822
1024
1294
570
245
1203
731
2046
2278
509
500
785
369
11
115
1810
1606
1899
1267
350
1988
1421
449
829
994
1536
1697
2201
1603
185
2099
1704
1804
835
1841
1730
277
2159
1066
178
927
1742
2130
184
2090
1633
952
914
232
64
1168
947
1566
1104
1980
917
1675
2013
888
1311
511
960
626
1853
665
645
2196
1132
385
1915
1377
1966
2141
1131
52
718
454
1237
561
670
291
2134
235
2238
2019
1153
1944
1269
468
1883
1665
1531
213
1565
1446
951
224
701
2219
14
1919
1040
1765
1265
1016
462
1559
1201
1369
796
1577
151
2253
2147
251
1992
1501
1612
1767
423
1970
1328
1511
981
1694
351
883
1028
1963
1787
808
1353
2185
1667
1133
2010
456
479
1597
673
73
1031
1550
1316
1196
2188
2005
296
1447
1340
815
1676
474
2072
1138
1136
1990
1700
1482
1838
1584
418
121
1669
1304
580
1079
1202
768
1277
1411
1996
207
1283
2056
1762
2139
860
2161
869
827
33
1128
370
1818
710
516
290
361
1332
408
848
522
2246
478
1711
1204
1593
2221
1468
220
444
780
1712
2077
2088
69
305
893
1298
560
837
536
1823
1728
1291
961
1545
1688
142
2151
279
1200
1868
182
194
2222
1836
1717
130
2055
943
2074
1724
209
502
965
236
1873
1014
1689
2276
2259
136
1034
1731
2195
198
611
699
1626
1261
879
727
639
1280
57
1355
767
494
36
1444
534
646
159
938
1139
416
1427
1937
1794
2105
1099
1193
1526
240
1713
48
900
1087
507
1322
856
1347
528
2050
318
2262
996
1017
278
704
2275
2203
1608
551
282
1241
329
898
1845
844
146
1555
214
821
1051
764
2092
949
204
1109
1797
1331
784
9
1466
1681
1507
2103
762
1952
472
1751
610
1645
946
1959
1844
1831
816
935
739
669
1315
1207
1614
1244
567
571
749
549
2082
103
1337
1497
1522
104
2227
1548
2197
249
1939
1580
26
1524
1440
644
1764
958
1646
1047
1892
1071
542
514
1589
179
1378
167
2
1579
1902
1102
2071
55
1812
572
2191
1080
753
23
2042
1176
1029
1145
308
2168
1866
1335
1879
366
724
2112
1757
1754
465
1122
1013
1956
1147
1947
2015
381
1288
591
51
552
587
2154
573
189
1865
640
1642
1759
1486
10
579
1583
1590
2065
2119
1616
2091
1955
1610
119
2247
2155
1680
1723
1481
685
1549
535
1575
617
216
2239
726
299
1807
1981
702
1808
814
367
700
1354
1469
1432
1404
777
1252
846
41
486
239
1835
2101
1898
313
1932
1020
218
532
100
1003
2279
327
1745
1685
2087
1650
183
1395
332
979
1523
907
2006
1385
1554
482
1334
2189
2109
2093
1703
539
577
348
2122
116
85
817
2242
865
1351
1783
1639
414
1664
2135
730
353
2258
1137
1766
2252
668
1348
787
234
1578
517
1093
488
173
1515
228
237
1871
746
2169
59
1088
1450
740
12
1696
471
203
1
1119
42
991
441
1661
988
16
882
1343
1758
755
2158
1867
1320
521
948
553
1073
974
854
1392
1231
1084
407
2186
2226
1894
429
1621
304
1938
805
310
1157
529
352
267
1472
1068
691
1165
715
503
622
1415
2232
1983
892
1111
1062
544
2132
191
168
671
1553
1514
1846
426
1781
1849
1155
941
662
2140
972
1770
87
243
76
973
1736
1799
953
1190
588
1078
968
1228
1930
1253
1525
664
79
638
288
1414
1972
834
289
1623
1306
721
711
1858
258
2297
2214
1651
1359
1300
647
903
703
21
1361
1456
2080
2041
585
1923
1556
364
205
512
187
2069
276
624
1180
1834
61
2229
1156
342
2280
1076
601
1601
238
1422
1178
1773
492
1695
1048
1771
543
2076
754
792
1662
2027
2064
1167
1263
2001
1551
666
1756
263
44
2266
969
1586
1790
107
53
1408
1287
833
842
244
1380
247
606
433
2217
58
2166
595
2220
1163
442
1234
77
473
1257
1229
936
450
1412
1607
649
1654
1977
254
877
1082
596
1793
1613
566
2174
1888
338
1558
1547
1622
1281
824
1006
788
129
1490
985
2261
1652
67
94
1341
169
760
1951
399
1338
2257
559
355
1144
434
1914
1747
7
1982
452
2057
716
1683
122
1443
1924
29
586
1491
2067
1508
1816
1431
2111
1214
801
839
648
1611
1960
1240
1595
1035
139
1123
2208
722
24
878
1485
1058
1063
2245
63
406
0
65
1124
2128
1021
1706
825
1222
1648
1289
1346
88
1307
1975
2116
219
1907
1270
155
2180
1852
293
1325
2250
1722
1540
270
135
2054
356
797
379
2175
275
395
2272
1657
1182
170
2164
2096
1398
2012
1295
1192
568
1569
1438
1393
1030
495
193
82
866
1961
2146
901
72
1435
91
942
1798
1702
192
1113
1954
1090
508
1901
374
32
1698
1750
1223
652
328
43
518
1512
2052
134
144
1500
1476
564
1535
541
997
538
993
1046
1780
1251
2285
125
663
696
576
1308
545
1516
1760
800
1656
707
1121
679
616
641
2018
371
1509
1752
1910
531
1115
18
823
524
1198
932
838
1869
75
2115
109
1081
2286
2192
1474
1175
2218
1114
2038
1668
1776
1557
47
783
1847
1409
98
2133
1748
1806
1627
819
705
1862
2079
690
747
1670
1154
908
843
1127
1861
675
1855
349
513
2120
828
1826
2045
1362
642
1152
1897
484
1969
608
175
1532
1232
1821
1141
1247
1107
1410
1413
1592
734
242
2137
1309
1568
789
609
923
1166
1887
2031
1383
206
1714
1397
1933
1839
1477
2073
1691
1948
554
1926
1195
212
1098
1117
248
227
911
147
1162
758
1043
636
1405
1236
1044
1179
1573
6
1075
1403
1101
999
1527
110
2040
1886
533
906
362
1417
2243
1582
1715
657
1008
2009
584
102
186
1368
1424
475
1293
1643
634
1618
697
8
1738
1406
2271
22
1312
1227
1864
2107
963
1011
982
436
199
1732
70
799
19
655
1094
1061
483
658
1962
976
678
393
496
2053
2136
967
556
2029
1872
681
425
1333
493
1324
2171
265
150
271
359
106
597
1591
694
1912
2063
1433
909
202
1367
1739
138
557
1999
280
1517
1400
650
1321
1628
1365
1560
2182
2106
2198
547
885
1053
1860
1824
555
1564
1811
46
840
1819
672
1161
1052
1158
1950
1971
1096
1317
1543
905
831
257
1964
614
165
759
1271
435
2301
1997
812
1250
775
2148
1225
1467
1376
78
1891
1045
1189
2104
2298
729
1850
1567
1160
388
481
1465
1488
1301
1449
164
343
1677
1674
2215
2142
1789
2296
148
688
1372
1329
2068
676
1851
1336
773
504
1370
2118
510
983
855
971
2138
632
300
2037
2212
1108
964
896
93
1454
1624
735
1588
1880
451
1802
1151
1464
2209
261
1701
2061
1221
1498
453
1437
765
618
428
790
1495
578
651
2241
1692
569
120
256
246
1513
791
2153
1025
2173
394
1441
654
323
520
1537
211
1539
2043
2021
1801
1820
548
781
1875
1339
1843
1205
2004
1903
1018
1755
2066
391
2300
223
1065
1546
2025
912
1142
2270
1735
2007
1576
987
695
1641
962
1809
1174
1475
1729
286
1089
499
1726
604
331
1057
1483
404
1922
766
2011
1684
1091
1986
625
259
306
410
2254
1687
431
68
2026
743
1659
2003
809
1000
131
889
1297
250
1220
17
2039
1059
1381
1419
2059
1442
37
2102
176
956
1015
1371
874
1779
1989
480
376
1863
1002
96
1918
137
461
1199
438
871
1186
335
1987
795
1533
39
346
1788
1095
1813
2193
635
2086
1092
738
1778
2170
1319
1148
1266
891
779
1609
1716
491
519
1208
66
2085
1284
1159
2178
229
386
1256
904
1130
1707
1425
1998
309
717
1430
950
118
1599
1448
1782
2000
1920
1077
884
627
1946
208
1753
562
360
419
382
2205
392
1489
1473
1727
2049
413
959
605
1746
1974
326
2184
677
1604
919
358
752
372
1350
1459
995
1562
2157
1991
260
1827
2051
1856
5
1005
1462
1210
1273
49
2108
836
1928
325
1032
1744
1913
1978
894
1042
1815
1326
378
1649
1905
1100
2265
630
1660
1936
2114
1299
1658
1215
955
71
565
31
876
619
2206
1396
1906
1012
1740
1529
152
1387
344
1218
1679
1480
1502
437
1829
2256
1418
826
1763
563
2002
1258
1953
2237
1135
807
324
1217
252
1026
2160
54
383
124
978
455
2177
396
197
2290
693
980
1187
1958
1259
1386
1943
750
158
1552
20
2083
30
1571
2187
1574
954
1282
870
1070
1286
872
215
1625
74
769
128
850
2293
330
1786
2035
2075
363
13
298
380
643
1056
667
820
772
2097
1171
2267
317
1570
706
498
143
751
2150
273
401
757
390
1313
321
2213
623
1349
162
621
526
2294
2089
262
354
1391
1274
1792
1602
2163
1877
1632
1705
268
1382
2044
56
1830
387
470
180
253
439
698
1921
1478
594
1638
1103
661
217
1150
899
2282
886
1594
1890
302
1083
1239
2176
926
770
756
411
1453
977
2202
1895
593
2204
1323
1429
2234
2216
523
708
910
384
322
1968
1001
145
487
1995
1194
957
822
1605
902
1278
467
2295
1219
2048
1769
405
2199
126
2303
2100
1457
583
1041
459
402
1238
1458
196
913
2095
1126
2228
1587
1635
2121
2263
599
1949
592
1784
2127
2251
1318
149
2233
1233
315
1634
295
1452
776
1423
2274
1230
1503
123
469
603
1434
1534
803
2058
333
1672
1859
1666
1181
292
709
1772
916
1721
2060
2230
933
2283
970
1904
1374
1848
1358
1463
2062
15
1768
2302
600
1327
266
1916
4
1719
341
2231
2211
1957
1941
447
1188
1290
1401
1039
659
420
1170
