1237
1868
2005
365
206
1190
1199
1230
943
934
2094
851
1998
2209
1127
987
1493
1261
1729
1135
432
1895
1980
955
261
362
1486
733
1766
1177
1661
423
682
1614
2159
1220
1468
676
219
2039
1506
1702
1285
920
1383
1560
2031
1433
517
1446
189
1619
1697
2009
101
188
581
1635
1125
2215
476
1535
1442
2267
816
276
348
1200
493
1258
1234
844
438
2026
83
1831
1195
1326
2229
1405
2011
1985
978
508
450
1708
444
2213
1836
1742
1038
1712
1826
523
782
627
1653
1356
462
514
1611
1050
52
1171
618
1534
1696
1395
897
213
1153
2269
802
109
480
562
1270
1293
921
1601
1513
2025
1579
1349
543
2279
1925
447
1793
82
1100
2076
529
106
1857
1192
1015
84
1264
1306
1369
233
1457
2061
885
30
1704
779
1049
1254
1756
2292
1822
1232
222
1889
1280
1024
775
2010
191
1979
1750
331
944
445
959
672
1951
1113
914
808
2143
2107
443
585
975
2124
1541
1543
1812
488
1071
2157
1186
621
2145
2303
893
1094
1775
1964
1997
862
963
6
1580
1239
2023
1271
93
1116
1257
1714
2046
1556
2151
793
2095
1139
875
1566
513
2231
1452
1975
1960
785
2273
1581
1014
1244
403
1
1087
1497
1227
1002
1447
767
1044
1436
1797
1151
1184
2081
33
759
2200
466
1837
274
1068
1422
1028
2211
426
2197
1907
776
834
1701
1088
820
1165
956
2049
158
654
144
1090
2264
2223
2254
1644
1787
822
843
930
38
94
1917
339
1835
1740
208
2126
98
42
1588
1961
1500
440
411
1000
2053
1103
2158
967
324
1291
1730
2021
1621
1608
1735
216
1755
2259
1255
184
2109
1520
377
1582
1011
706
964
1825
1007
809
1903
1940
2261
264
1205
1521
1098
1309
2173
1107
165
15
1290
1058
1871
167
2018
1853
168
56
796
64
250
192
398
593
1803
1955
2299
617
865
507
1512
2104
849
527
1360
258
1944
1516
1507
764
1909
947
1531
726
848
321
620
1385
1067
619
1167
1731
1503
1481
20
1198
177
1140
1443
2210
949
1072
1894
226
1193
359
713
1476
678
1039
2064
1467
1276
861
338
1757
560
1041
781
1991
752
2155
27
2067
352
1281
1911
965
1684
99
981
998
681
1052
997
346
245
1983
668
599
1248
1036
1628
747
1596
2090
363
1132
351
2056
807
110
1554
684
1211
1081
201
731
1278
813
142
1570
1221
1537
525
2117
415
520
942
2037
881
750
1122
1884
1898
139
2135
2115
2263
867
417
815
576
1250
2163
2293
1377
118
935
729
511
814
1724
1063
1575
160
2171
855
40
847
1957
379
1527
1700
1814
2268
1310
317
1737
1655
2283
2296
1189
2093
1677
559
307
749
157
1114
1289
481
323
1788
1109
773
1284
886
1246
2201
2017
745
48
1642
737
659
1971
1760
957
1391
931
1526
574
762
1643
1017
1188
290
413
614
1754
1638
1779
794
1882
725
2181
284
1993
1460
1408
281
736
498
1899
791
1047
299
1905
877
1256
2137
1265
69
371
1561
1397
2072
1767
1892
1005
1185
1785
350
972
1877
1988
784
473
1355
76
1523
1219
1174
1012
673
503
449
1173
1117
646
811
121
825
472
1902
461
994
1241
2156
235
707
910
1915
103
366
1166
1435
1873
555
22
255
1275
105
995
107
1759
1316
812
1517
145
386
732
287
114
246
2139
1645
1774
2205
1288
237
912
1329
637
1810
448
424
272
1429
1477
1848
1739
28
126
418
1421
1055
2030
153
1426
1105
104
622
746
354
1856
2218
175
241
1685
712
388
2127
2228
1099
446
2097
306
1399
1212
123
373
772
1987
842
1663
296
1725
2165
1587
2015
1678
1143
280
1353
138
2083
1770
1336
2110
958
586
1013
467
437
197
1510
452
1631
1949
474
536
860
743
770
2176
1568
1674
1801
954
695
565
1657
1771
940
700
2019
2120
1427
1547
1361
2118
1124
1320
679
1713
496
970
1550
1920
1260
1781
1046
244
1095
1952
888
840
635
329
2057
810
2087
2161
587
1780
670
689
718
1711
1060
1796
1860
945
347
951
1202
133
70
140
1154
1104
1887
1818
1025
2100
458
2024
632
1152
2060
1118
19
203
642
176
1504
866
71
1660
1042
1866
1317
1921
1650
489
1148
1179
647
5
75
1138
79
399
1365
1594
1253
1586
143
1417
288
286
1080
1965
2059
1881
1710
1129
92
701
4
1576
1718
1084
1473
1026
1343
1941
799
2242
546
548
753
1973
2302
1077
1191
1294
251
1247
1623
236
204
1471
2138
889
1867
1773
470
2001
531
2246
1380
2233
643
333
47
2266
2277
1181
1449
2147
824
1061
880
1214
268
1609
591
1846
1967
2241
1716
638
1461
59
1494
1059
1111
319
1101
903
63
1169
308
279
932
1962
544
966
1203
456
1325
1455
902
2096
2258
1333
823
25
117
1995
1423
1989
516
1120
478
2123
2048
2000
973
792
1555
464
1790
120
976
1514
482
1410
605
254
89
1403
763
35
420
301
1092
1274
1939
2221
451
979
68
405
1411
58
1136
187
595
1006
1045
884
248
887
155
806
535
421
557
633
1679
2207
1440
714
273
2278
568
65
1841
571
67
946
434
629
383
1659
1315
381
1076
2160
1032
1334
1927
1222
1043
259
1567
356
318
1441
1119
1299
2186
1147
332
390
922
454
2203
382
457
1908
2275
624
1259
1272
91
2066
1682
1083
1229
1466
328
1640
1981
303
583
74
2080
572
494
2252
186
198
395
1016
441
1690
1396
1424
1897
545
134
2301
1004
132
671
1918
1706
1935
2208
1404
608
2282
1522
1040
2022
1363
152
1982
428
1590
1792
744
485
1758
2133
1864
757
2142
870
908
21
37
580
2148
1373
1367
1705
2190
231
205
1286
471
374
2265
368
1850
1064
129
1508
1464
817
1321
1656
1225
211
1069
112
993
1390
1319
1302
1974
148
2088
1283
989
1312
1824
1350
1720
1340
302
1627
1102
375
1816
2071
2106
1616
1999
1251
2141
1736
151
196
1238
739
1703
1142
353
898
277
1307
1001
687
879
832
589
2243
1748
200
1552
1217
740
694
172
758
904
1263
2240
1187
1636
1023
2237
1386
1630
771
1089
873
358
1654
2125
1806
2134
1529
492
320
1279
1597
1079
1794
2178
1432
1300
1474
1398
2047
1777
2262
1536
322
857
1379
81
703
344
1548
1159
43
2188
150
675
1559
661
756
606
1667
1178
2219
983
1501
229
1692
1351
2146
2281
1115
1502
623
788
540
602
2077
1849
882
1019
821
2084
1375
51
1827
2091
242
2175
442
435
1799
1022
1482
1204
600
1509
487
45
238
1934
1986
754
1020
1665
1862
1414
224
1595
96
2150
645
1839
1489
937
1419
1715
1707
573
1769
1384
2244
185
1728
721
1791
677
24
2191
163
1637
1768
402
852
953
1572
522
666
2082
1370
2255
199
53
541
44
2193
872
907
858
833
1354
425
2280
891
1085
2249
1262
2153
1389
330
765
742
656
996
1267
1448
778
265
391
786
207
2162
2078
1671
1626
582
1304
1573
665
54
312
1182
2038
1633
1732
2089
986
1096
992
1412
217
49
554
1880
609
1583
270
2013
262
688
1106
343
1557
1694
663
1218
2234
984
1946
798
1830
1977
14
108
1562
1123
2092
164
534
1933
686
777
552
1800
2014
220
316
2027
100
1208
1786
337
195
835
2062
800
340
136
1438
1488
1525
1213
2245
941
1821
1584
533
326
2035
1634
2055
558
704
569
929
1607
2116
1585
2196
1161
361
549
257
680
2098
436
837
1496
2016
1145
738
2185
412
631
1683
1845
969
95
1021
1834
728
876
1625
509
841
2291
2075
2069
708
1268
275
2136
1546
1761
239
342
575
1709
510
77
515
1524
209
2167
938
1929
228
1311
664
1695
1666
1937
1890
396
215
1332
360
243
2007
2063
86
385
1282
291
819
2058
16
1444
1763
649
1298
563
1984
297
1733
119
477
864
1515
1034
2206
1753
1434
267
88
1950
1954
1458
1358
715
991
18
1196
300
751
2192
490
2225
225
159
2174
502
551
1033
1876
566
2043
334
1765
147
1870
774
202
146
298
218
1886
1842
7
1243
1879
1861
1335
521
1613
2144
1454
80
1891
625
652
2297
31
698
1804
894
829
1615
1574
550
1357
1532
616
839
1388
453
1110
234
174
727
1366
1215
1406
639
1207
221
1874
1721
2214
1904
1599
655
210
50
1606
376
850
626
122
538
1495
1131
2032
1048
283
1945
1813
1150
1149
2154
760
39
504
1538
486
2169
917
1604
1681
690
2216
871
1734
1942
1456
1817
519
102
1872
1802
936
327
933
2236
173
1296
1617
1869
524
55
66
1126
974
1958
1662
60
730
2068
1807
1687
1430
3
913
985
2074
1744
137
232
1809
1400
1528
1865
1738
2247
761
135
1031
1053
1519
1437
1236
392
915
1992
483
667
1086
422
2044
2217
1252
1553
404
925
1565
918
194
1675
2033
826
349
36
2
1577
1266
1936
1393
923
2222
1346
634
1719
1558
2198
1746
1445
2289
693
1648
1564
1688
1439
341
899
1938
180
1342
1930
1922
2239
1820
836
1359
2300
1783
141
130
1629
111
1475
1301
911
1610
1854
1686
905
115
603
97
389
597
1855
1762
1593
427
1327
1465
883
1269
1749
1970
2257
797
2002
2179
1878
1901
722
1808
1484
553
1571
2287
345
459
588
818
901
1245
393
1924
1376
1591
1885
2034
2122
1530
304
1668
547
890
640
367
1540
124
394
29
61
384
2130
2004
1931
34
1624
2271
2177
1912
1163
2270
692
1691
2051
1407
1906
2050
1851
1003
1819
927
12
1057
256
1647
501
2065
285
309
1231
9
1745
853
1344
1829
1056
1972
1273
289
179
1018
1168
628
2114
831
724
1172
1277
1303
2168
431
1210
856
2111
657
980
1030
1112
1339
611
803
1242
1483
1331
419
293
13
1463
1602
1160
2195
2248
863
2170
717
311
2285
1425
2182
2152
1680
78
1603
62
1618
2286
2028
801
73
1158
252
578
982
295
1664
710
2131
2194
1308
828
1176
433
906
1539
169
263
734
526
674
604
2006
1600
1128
131
1295
1130
653
804
1652
1228
1180
827
532
1669
1381
2256
2276
113
1963
1108
429
495
247
1337
2112
212
1784
2020
579
790
193
697
166
1542
170
0
705
1470
1392
650
641
948
1322
1996
1453
1772
2274
2189
1782
1170
269
505
1789
2045
669
1479
830
1948
2260
1632
789
1932
1959
748
1670
845
17
1428
961
2054
1183
408
1689
11
1498
612
539
1478
988
651
1620
1249
497
1035
1776
1947
613
23
305
2079
780
1651
723
1913
962
90
838
1832
854
1833
926
127
439
1382
1914
214
1226
1641
1900
805
87
1926
768
1235
795
57
416
1844
335
601
1673
1378
696
1051
475
1009
1313
400
2212
1956
1875
41
787
1156
1318
755
1723
506
2121
1330
1811
1201
463
1795
491
1074
769
1462
1065
230
223
1976
2202
479
1859
561
1699
1066
1491
630
1347
859
1371
766
249
1078
387
406
1910
2164
584
1838
567
512
128
1155
2140
2149
1672
1639
1843
610
1578
1345
2099
1240
46
592
1888
372
1966
2204
1545
699
596
1372
1896
709
869
1676
1431
662
2230
190
162
1499
2199
1533
1943
314
1741
1209
116
409
530
1551
939
313
1815
1164
2129
916
325
1646
2040
783
2073
1338
407
1352
716
465
2251
1698
2232
1823
2052
928
2041
260
336
500
1091
1928
1062
1197
1469
460
1450
227
2224
1420
1544
1223
10
1073
1121
469
1348
1487
1070
1305
2042
1589
1314
455
2132
1362
735
537
2113
895
484
1324
660
1569
2284
181
1093
1923
1144
171
1990
952
1847
1743
1480
1394
1097
410
594
401
1863
1598
240
266
1141
990
924
1693
1722
577
1027
607
1364
1175
72
1082
615
1798
909
2003
310
2220
364
2128
1605
355
2295
1828
2288
2238
178
2029
1778
1727
1717
183
741
1612
1747
154
2102
1751
253
590
1883
1511
1592
397
2008
2070
598
1401
1472
1323
294
1297
182
977
1840
292
378
1146
8
26
1206
125
2290
2119
720
1415
2108
648
1893
1157
1490
370
711
878
1402
2166
1409
2272
1224
2012
556
1858
702
1805
1387
1919
2085
2253
1328
1459
1037
161
1008
868
1287
1216
357
1994
1137
1505
1726
1752
1233
1852
919
950
1978
636
2036
1549
691
570
1622
1492
380
1649
2184
499
414
2250
1968
719
1658
315
2103
564
2172
846
960
1451
1416
1010
685
900
1029
658
2187
1374
1133
430
271
32
2235
1194
1134
369
1292
1075
1162
644
278
968
1953
149
2101
1054
1518
874
2086
896
1485
1341
518
683
2298
528
1764
2105
2183
468
85
542
282
2227
1368
2180
156
1413
971
892
1916
2294
2226
999
1563
1969
1418
