1825
2849
7342
1908
6066
767
6664
7725
2932
3614
5042
3432
5400
6507
3687
1140
611
2394
466
5347
801
6626
619
2328
1062
2356
1905
6501
1305
7301
7224
7531
4417
4653
3507
8255
659
6496
4713
6920
6579
2889
523
7525
2329
1304
4212
7873
7830
6352
7066
5009
7376
4711
1791
7998
5774
748
8793
4385
9031
4976
7231
1324
5984
4376
1904
5327
384
6113
3554
2950
8958
5921
4303
3456
4960
2929
6109
342
332
3820
1635
8510
884
7020
4801
7769
7045
4018
8854
9022
3458
5113
6465
2994
2272
4926
3812
1683
1356
2164
9140
4542
3280
1408
8400
2570
1198
4270
6222
3066
2818
4897
610
5619
6842
3279
6207
6034
9182
5542
5845
8419
5961
7781
6596
8325
1267
8548
1224
5342
5758
308
9017
5384
8897
914
6155
1480
6759
5950
3372
6318
2421
5977
3733
4060
8834
200
1332
5959
2768
5518
4026
3744
3770
2629
8293
4323
3404
2928
4298
6205
5085
5363
281
7395
3985
7829
6913
6884
5253
4176
8504
5762
7330
3928
4863
5493
1013
6321
8729
3326
1934
2291
4757
2745
5890
7548
6004
3000
3839
69
6695
3421
4238
7017
6696
244
2798
3048
6202
798
1926
5183
7421
2822
7489
6786
1448
2245
2878
613
300
1646
5262
1547
9065
4476
1226
6396
3794
5751
7422
1935
1970
3499
8917
945
6306
3483
8732
4734
7937
2176
4494
8572
371
1634
7002
3588
1201
5531
8921
6000
1397
615
3925
8458
6117
656
2431
8503
6740
3435
2958
1292
666
2740
5236
6701
5200
6416
6165
1572
3845
8885
8326
2909
3694
5740
8333
1056
6040
7000
8082
7310
8491
5335
5825
2634
1906
6983
1977
4373
6277
9213
1745
3067
5433
3093
4147
4839
3628
7757
7614
6906
8726
1829
5010
7189
9189
7359
7401
3344
3518
6315
8634
6575
516
3702
893
7866
953
3111
7872
744
9106
3612
1621
2853
4350
2640
2509
1202
6121
2848
1194
5228
2910
1437
946
2037
1938
3841
1865
8392
542
3275
1888
1767
856
8445
2679
7908
1854
8619
8428
7785
8749
711
8032
8596
805
2898
6449
6566
376
7810
340
7473
5476
8119
6533
3068
1874
4557
4793
1581
6599
6459
8989
5588
1313
8248
3450
622
3133
3873
4727
4738
4082
1798
4949
430
3144
1105
9105
7720
888
7479
441
6450
7544
8334
7940
1137
2423
7944
3353
293
4456
170
6230
3732
5849
7832
3848
8986
3355
3714
113
5376
8026
1254
3508
5466
9181
9193
6804
8593
8786
2364
7671
8414
6917
7141
116
7719
6770
7233
6504
4256
7688
6849
7456
8964
2251
2278
9157
2571
1748
7794
4017
4368
7957
6645
4134
100
2659
435
5945
724
6453
6390
8048
301
7638
8001
8273
9136
6302
2912
4986
1
6029
1184
2926
9013
6033
1655
4714
3352
6085
80
8090
6068
2684
3503
7518
8896
2042
4987
2519
3629
4818
8081
6200
9072
254
6894
4980
1470
541
2471
3930
2623
5889
6045
3335
4578
5973
2696
8041
4442
3867
3771
1279
4941
721
4409
3002
6368
1654
5562
6682
1311
8565
1603
2631
8435
7144
553
4404
6805
3172
4520
2459
8614
6524
5737
3249
7695
5736
6312
1744
8682
5781
5543
6736
8443
2828
1546
3104
7098
5350
5914
8667
411
7038
7217
2568
4644
2125
6173
1741
5721
8691
1824
5047
1278
1924
8472
911
4377
4326
4909
7992
5273
5095
72
8158
7226
1064
9184
5388
5261
32
3443
3451
7192
627
5828
3731
5429
2765
4396
4750
1969
4756
1395
6882
1169
4952
7179
283
3832
1594
424
7328
8310
6816
446
4250
3158
8309
8817
3834
3846
2905
4351
3660
2024
7732
608
2248
4304
2670
4161
9051
1916
2440
8407
3393
4375
442
4865
3690
2335
7302
7599
68
8116
780
5813
8189
8157
2915
5431
470
7624
1672
8360
6269
5328
393
7828
6761
8004
4159
4842
579
7383
1221
7092
6411
3639
5638
8366
8816
2028
6881
4768
485
3763
5292
4570
7632
4287
6977
5893
2169
2410
2663
8480
3524
6528
40
7298
6494
2512
1840
2255
7246
3419
1956
401
6732
7285
2916
6169
6377
4758
4778
2355
8453
2911
3816
864
7554
2044
1426
1887
4912
4213
4117
2794
5050
8846
8345
3956
5317
1650
4529
1770
8861
8856
7289
2341
6766
6276
7336
1869
8069
3759
3001
7846
3316
5703
1453
975
3218
3505
3986
7445
2867
6139
4229
8589
1760
4449
3226
3682
7705
1131
213
388
1999
8712
7948
2845
6907
6333
4280
2041
7592
6245
1160
6686
2074
1696
5483
1496
6076
881
8744
202
529
4384
7029
5399
848
3189
1774
7430
2964
2129
7805
2940
1732
6030
637
2174
8829
1610
3703
4389
4284
5953
7058
4474
1237
217
5668
6187
2218
1370
7989
2985
2497
4467
4913
8425
7326
4339
7243
1902
4885
7590
4392
3256
2257
6493
3547
136
1317
3675
8455
402
8452
1872
2895
4489
3827
3787
6848
2942
4459
4359
8818
3870
8719
7858
8968
923
6209
3295
420
3661
7076
3387
5330
427
7134
2263
102
1493
6608
1639
3040
1747
1075
7346
4318
4525
954
3542
2220
6827
5640
3037
5041
2681
4128
6711
630
2158
4446
5884
7448
3424
3230
6520
1880
9148
5344
2316
7912
8790
5917
6523
472
4612
6213
556
3149
3341
5206
1944
5647
2769
5016
1524
6064
900
378
4352
8044
8122
4019
4102
5162
6138
8853
5952
8773
6774
1172
8053
3999
7440
8388
8007
7755
5602
5470
7597
6274
3413
7524
2135
5126
6110
9080
1684
3777
8933
205
1227
887
3444
863
8390
4844
4755
8191
5870
3491
4364
6137
2295
148
5383
192
7930
1500
5356
599
6011
4733
5806
279
4728
2547
1978
4443
7620
8812
2674
4085
7286
5195
5856
266
3380
6142
8868
5176
4937
1895
7934
5933
3361
4453
1422
7650
2880
91
1303
2658
3465
1729
3339
3225
5203
331
725
853
2619
103
7387
5416
3348
4061
5837
2829
548
3625
6514
2289
6322
6380
5286
8999
2208
6684
349
297
3745
4869
8555
6576
7533
3504
2638
7685
4566
5748
5322
2288
5782
6623
4935
5735
7561
5109
5776
8731
5534
3212
6223
1178
4025
6432
8364
6647
2344
8990
5684
4155
2104
9185
2270
7132
6455
7429
2517
4214
6822
7088
49
2312
8267
8550
3966
3308
9147
2515
7911
5755
6936
2689
3725
1364
1079
9056
4718
6181
1540
3582
5089
2611
5310
878
6762
3260
9197
8877
1494
753
6530
4813
913
7133
5043
947
3825
8630
1407
6112
8625
1444
5188
705
1488
5318
2235
7247
5419
5817
2797
2562
6972
4774
3124
3835
6888
3044
8648
7585
1291
8446
8916
1750
5683
4469
6780
7766
2418
90
174
927
3240
3826
6614
3746
436
8147
6188
8062
6598
5266
8028
5185
754
4836
3277
7364
2767
5891
4107
3429
311
5473
6997
8058
8038
8620
1721
7254
7244
6122
7477
4920
7963
1560
4837
8483
108
4769
396
431
3047
8756
6163
7664
6747
3960
573
4683
5244
6330
1599
145
5939
1216
6620
9045
6784
3881
3905
4565
7129
2516
1716
7790
660
3850
438
1941
5397
5242
620
1790
1339
8169
8096
633
3911
6009
55
6249
2023
3699
1180
504
155
4568
135
58
4840
8318
4332
917
3668
3516
6818
77
6661
2873
8196
723
2473
8123
6522
1704
46
4870
2777
373
7493
1623
328
4789
2190
2194
5855
7176
6397
2756
5894
4606
3327
6010
3496
672
4353
1170
4726
3522
8461
7249
9102
2189
8725
3935
6308
433
1166
545
1175
5657
42
8469
2470
2172
64
3174
2504
3101
6624
2804
8629
8703
2592
777
9016
2864
2686
21
38
44
8560
2250
242
6916
7529
4135
5607
7333
1271
2766
4460
2461
4236
6982
791
2579
3691
2128
3592
4744
1742
1134
280
6353
5887
1066
2337
5863
3425
5833
2780
8067
8316
6671
1300
4209
2365
4794
1768
940
680
9024
5049
4531
5649
4535
5714
4311
2390
4899
6196
2256
3041
8418
6539
7714
4556
208
1231
151
7373
291
119
8845
701
2204
5876
6168
2417
5375
321
1393
5991
4825
3296
3175
6588
7759
8263
2973
1366
8216
6261
6555
184
178
81
7237
5075
3045
1417
4286
7693
7851
2408
4905
8695
1816
865
3513
3205
469
7960
4715
2510
6258
6413
6933
2690
6227
8511
5988
7706
3952
1490
1961
910
391
3915
4783
1215
6537
2946
6758
1120
1399
4564
1693
2342
6862
1328
2649
4959
1301
1894
2258
2892
746
2913
5255
6853
207
1821
2840
4787
3738
154
8852
3003
7956
2501
8448
6831
0
4001
1804
5986
586
1416
6265
4022
1012
5771
1605
1912
4841
7366
3670
6049
2596
7404
6144
7933
2366
8684
5659
4452
714
4932
6467
7019
2866
2371
6505
322
7594
6021
2446
5775
5883
3468
5752
8782
3274
5929
3831
597
8519
3115
1915
7928
2774
7296
2896
3973
5896
9021
5360
5764
1971
4560
1773
7642
1125
6597
2618
2609
5307
6220
2968
7941
4383
740
8217
4242
4981
7431
1751
539
5246
7043
9110
5227
8518
9159
8114
2725
5150
728
4804
4428
7219
5648
8317
2170
7474
3969
7496
8357
7834
226
6923
8940
1268
3626
8674
8481
2086
7795
8928
421
2594
3061
7966
4445
3264
6247
1233
7860
2439
4360
5084
6563
3373
6215
5097
4513
9150
1412
3781
7435
5983
6834
1258
3349
598
6047
5695
5248
2897
8898
8208
1400
2758
1089
7264
1486
935
4735
351
8809
4834
5038
1252
3242
547
2203
6183
2771
3750
3072
6063
7809
4880
354
2013
1236
5904
9138
920
6990
2490
7985
5488
6512
7377
7648
3533
4876
8021
7069
570
7451
8399
4752
3246
6806
6120
8013
2155
7505
7853
3219
5623
5577
4997
3546
7520
6115
6446
3261
1344
4915
4663
2987
8890
7086
4888
2152
8338
4782
4548
4391
4795
871
2821
363
8770
1146
5637
7048
6708
8801
8241
4294
3245
6836
8321
2260
6260
5187
3155
5326
8290
4527
5981
8517
8716
4984
7197
8018
5306
7057
2944
1111
2115
4595
5979
6184
6974
6921
236
4064
1849
1881
6904
882
5524
5789
5118
8549
1787
3302
9058
8423
428
3683
7750
7572
7798
8542
626
7193
2784
4016
675
66
7491
8578
1239
341
1517
3712
880
2015
1694
4269
8459
7332
2357
9118
5251
5570
6754
4301
5881
8275
2327
5702
6424
2811
5432
4623
1196
688
4883
1092
2411
2814
2652
1143
4004
3462
3902
8434
2212
1534
3994
1290
8462
5907
1010
2961
3086
8232
6398
3611
1142
5723
2286
4109
1842
4821
8179
2242
3655
84
1375
4624
708
6290
6071
4851
2026
8143
665
3052
8701
7945
7136
2728
2119
5802
1415
951
1442
8474
3431
1940
575
140
1378
3185
5224
3992
2753
3271
6349
3525
3112
8080
5982
6067
5522
788
7968
5495
1972
726
3109
2977
8644
8382
4482
1208
4471
2647
850
482
1772
1715
7210
6942
6407
7595
2199
8717
852
6574
1256
8190
247
3727
2959
2720
1801
7155
992
2775
7016
8043
8661
7368
6262
2564
6618
2974
7831
6336
7804
7051
5437
557
5490
6074
2651
2931
9025
836
5677
313
628
2016
7784
5532
8072
9203
3856
2034
1068
8354
499
2683
7207
6578
1666
4211
3423
8278
5392
1402
3198
4576
8932
1132
6186
7239
6944
6073
5314
585
1381
811
4251
7986
3601
2450
8358
5746
3983
4283
8024
5734
3607
4998
3838
3573
147
8411
3720
5713
4293
2181
642
5610
366
3544
230
4089
1743
5970
8353
1342
6965
7119
589
3864
3369
361
8271
6939
5731
6534
1544
8609
2815
2980
4962
1280
6880
3506
6119
5692
7345
7167
4258
2676
4192
5500
6495
7024
501
8235
5753
4679
5548
1663
3932
6685
526
5221
7149
2970
8785
7006
5780
7731
2816
8557
874
1391
1995
2789
5719
4413
5701
4723
760
3197
8830
8987
3891
2006
5839
444
8755
2472
7962
6811
4254
4435
8678
2711
7881
5936
6994
3233
6036
5247
3527
6445
1229
5197
1379
4708
2240
5280
7375
475
1492
4505
9062
7181
4292
4157
6558
4379
7842
4956
4890
8957
1837
1465
8284
7802
4691
8027
1636
892
3405
6592
6515
5458
7893
515
7637
243
2746
8374
4154
3235
7394
5566
3236
3276
2252
2732
1907
7512
2363
8498
6709
8899
4518
4616
2669
6152
8969
3447
1596
2645
2304
2962
4737
6932
7807
6590
6580
8956
5451
6363
2718
7701
5582
2773
5020
8139
9101
6324
4047
2664
2858
5581
601
5801
3065
16
6694
9079
4893
1509
7995
3502
1937
2183
3170
3696
7162
683
2575
8650
6331
7726
233
6022
8387
8359
3262
1632
727
3217
7157
7229
4372
6785
1682
7906
7486
3073
4519
4480
7026
7526
8076
6056
818
1800
6343
7792
7616
6915
375
3227
1781
3070
3858
3342
2813
319
5274
153
7735
146
8397
4203
3403
1876
6339
3383
6241
4968
7211
916
7168
3840
8268
3193
2667
4820
8562
2791
204
3606
5315
7143
276
2275
6930
4416
8454
9091
7783
2302
2495
9108
8305
8320
8482
4302
3082
5152
1188
5923
5033
2088
1164
3414
9075
2141
7184
8113
7850
7508
177
618
713
6298
749
3234
8499
198
957
3110
5992
2179
4640
4681
988
7965
7947
4187
8828
1597
4615
588
3765
3938
837
7010
9116
4152
5325
5258
5633
1212
8220
9069
8300
7172
8433
3329
1117
7821
7
7467
743
268
2817
4697
5995
5446
3359
180
8954
1571
3071
8915
3978
1157
5937
8995
4580
5139
5067
8444
6272
2067
6712
5606
5071
1615
3330
3452
5671
5407
7071
2477
762
5410
1343
4599
258
5545
2222
6510
4689
2832
6195
7610
5082
533
1734
8016
7008
6114
6141
4173
6489
7001
700
6783
6176
2948
7447
6797
2098
7882
8709
2229
5710
7923
6549
1199
5401
5506
9052
7799
6652
773
4433
2057
5924
1976
4498
5013
9042
5729
8168
8245
6212
2870
6690
36
3116
8714
1761
5533
6131
8746
6351
8133
4552
5294
554
187
2776
4993
409
774
4189
3875
2345
5417
2233
7340
6303
8697
2020
1665
7803
1885
4549
3658
736
5441
1093
413
718
7661
1986
950
1346
8776
3843
2175
5114
624
1456
6521
7609
4796
840
1752
4929
1211
4000
1833
5779
8604
6462
7760
7897
2047
3778
4725
5039
4
4546
8160
5511
7356
6438
4819
9019
9124
5359
4532
5124
4163
4682
5773
6341
3053
1808
9092
6838
4855
4259
8613
5792
5745
4953
1264
8666
6529
5106
1979
5119
4990
5056
1690
5498
6654
3769
8876
522
5905
3351
926
1982
5131
842
3943
9177
2195
7952
1011
255
2809
8432
602
2882
7698
8685
5007
492
7494
2063
5967
4635
7266
3204
4381
2972
400
370
6044
1179
1462
197
4592
9206
5117
4800
902
6794
6133
4361
4462
3019
5215
6043
5348
552
3378
6768
1857
6485
845
5909
8270
649
1454
7628
5940
7602
8402
528
1118
1186
1457
5718
4944
937
5846
1260
8836
663
8874
1822
2532
7420
4823
4770
8583
34
7904
305
4029
7313
5681
2533
7480
2723
1101
6160
3137
3762
4151
1455
6858
2489
6480
4707
7993
5238
1817
7837
5387
5676
6589
7849
5886
190
3751
4244
8815
6968
1699
1040
2805
8466
790
6048
1873
7920
4120
5590
2957
9040
35
1476
8356
5866
4239
7964
3722
3863
3888
5160
7733
2528
6414
1928
5768
5037
87
1598
6381
614
5930
5850
6093
4741
1968
3298
8249
5304
691
8183
12
2620
5811
5550
4328
2788
1165
327
858
564
2428
2435
967
7997
4227
2113
4765
4418
457
2491
1315
3228
8124
1060
8312
4896
6028
2857
3610
5943
6767
5589
4680
133
1430
1318
2226
4023
114
4633
357
9119
6486
6793
1436
267
5997
6900
898
6963
8437
7591
6472
3470
8961
8200
8965
5029
5558
3400
7041
8769
4322
5742
2860
9041
3937
5380
5556
5032
3190
7425
3755
5087
8962
2648
1197
5944
3624
8638
8875
7756
506
8128
6826
4647
639
7884
1960
43
8942
5491
2268
1248
899
3278
8617
7419
1797
3248
3541
4121
682
4363
6846
779
4447
7123
3088
4872
4079
1528
3689
7154
3685
7655
857
7666
6795
8509
7618
9093
6488
5100
1069
8213
1870
1481
7481
6909
7787
6046
9039
5724
8161
9194
809
4923
3796
1210
5406
6945
3151
3480
7690
8083
6757
316
534
6328
3220
3123
1855
7106
4125
277
6257
107
4143
8522
118
6536
3162
8621
965
3700
270
5954
1917
2593
5296
6966
6234
1521
2282
2737
5920
1394
6492
3754
3091
955
3128
3207
3619
465
7322
6037
4975
7339
7855
2707
8351
323
4067
9005
6278
1843
4921
2462
6246
8649
7898
8464
3338
2415
7390
4180
8824
3594
4660
4027
7528
5390
7704
4333
5145
240
2234
4249
7308
6737
2514
4670
3708
6208
9083
5026
5373
8222
6143
4070
2918
1722
4424
2168
7574
6800
770
4137
4262
7297
7541
3135
2273
4509
5706
1898
909
6502
4468
3243
47
5898
1115
8203
8963
3640
3766
1286
719
4857
1795
6421
1337
6755
1996
5218
4217
4145
970
8981
6718
4749
807
7165
2374
175
673
10
6090
7300
7840
1050
1485
5946
1738
2585
1219
9049
4668
8487
1043
2692
6973
3597
7374
8608
1070
3617
7034
8567
5761
2899
6072
1616
4144
993
5170
8223
6679
7064
6981
3018
1351
731
1461
932
8855
4252
33
3259
6829
5757
8584
5237
3968
3203
6730
4230
2935
4366
8743
4182
1963
3080
7361
8615
8349
5869
3550
3131
8370
162
8699
2143
6513
5987
3290
2458
6953
3910
5148
5908
8059
6403
1126
6979
9009
7059
6634
7545
1433
942
6203
4243
1386
8115
3710
5053
1819
3898
3753
6461
5916
7569
6962
3664
2050
419
6225
2855
3163
458
826
8972
309
4260
260
7551
1276
6735
3829
7424
2786
9036
4894
2399
1020
9214
223
9087
2081
2717
5412
3944
7468
2750
4306
5501
143
7461
3357
7282
7875
4832
6892
