1243
1222
390
2026
710
646
1019
526
84
1116
454
481
1791
1294
1295
1349
134
1269
1211
744
1158
460
198
979
902
1236
106
805
74
468
2093
2117
1245
1427
504
204
835
531
622
2246
1254
1163
2282
2042
511
1478
1990
1154
860
488
1523
1006
1602
582
2291
386
827
1492
1656
330
778
631
1510
1567
1385
1350
876
2276
1326
1912
834
615
1578
715
1095
2153
1171
2058
218
1787
1414
139
186
2223
559
724
1133
1802
359
966
4
883
771
375
1682
780
1139
403
993
1340
2243
2139
1399
696
1779
1884
965
1475
719
2096
887
248
653
1267
483
37
1668
1736
1521
364
707
581
1041
1278
1655
119
839
225
1499
2302
469
1143
722
133
1809
1439
1983
1808
986
1262
1770
1410
1165
598
1708
577
1863
1351
327
103
874
1094
2269
567
1515
2046
612
1604
911
348
888
2064
1473
1249
1628
2108
2235
769
1009
826
731
1613
1157
1259
337
1372
251
510
92
1964
67
837
334
451
978
1252
109
987
1637
227
2138
442
2119
2037
1513
1144
82
1726
90
2063
1825
1607
279
1025
1132
547
1011
1911
1629
583
484
737
1526
207
1560
1443
331
1345
53
2084
1383
973
2167
777
1302
1161
745
1893
382
2122
2187
915
409
474
1381
2078
179
493
1196
1389
1391
1938
433
1929
482
1228
1127
1851
2296
2149
291
2004
71
1946
108
115
2035
1563
1432
989
1325
246
1279
489
1036
2068
972
290
871
572
1098
260
64
1205
901
1665
1940
1054
1828
1229
1650
889
1412
659
1322
814
1206
205
642
470
842
2020
347
1680
147
1296
1540
1657
1631
1428
1164
1112
758
897
1028
2123
1569
2
126
228
996
70
2169
1796
2225
1014
1038
755
549
1275
1603
791
1733
712
1582
594
1234
1812
264
235
829
903
2151
326
270
177
1913
846
1497
131
311
1315
740
738
626
557
1823
967
801
1876
1921
2190
371
148
723
1610
1742
1621
1373
1869
459
1906
1671
1369
1630
1265
857
2136
802
621
1299
1786
1525
613
546
305
1046
1040
1816
1804
240
188
2086
690
69
665
342
1548
1590
1761
604
606
502
1051
640
760
1880
153
476
192
1895
1320
1518
471
2137
314
435
466
1314
957
1257
765
695
702
485
1395
772
1091
2100
501
1106
2189
1444
848
886
709
206
959
767
68
1514
2202
1117
782
940
540
1753
462
1125
2113
2271
340
617
859
2159
2125
520
1178
1180
803
461
457
1348
171
65
1156
1684
396
2011
756
2221
2088
1083
321
1803
852
308
379
1543
34
1238
254
1717
150
1951
1899
795
1493
427
2275
1729
1436
1994
1572
145
1105
309
623
121
2274
2301
1459
828
2040
1052
1718
102
721
405
1871
1008
1308
1690
1642
140
13
2094
1199
304
1047
747
101
1901
283
869
932
1494
5
1496
1411
1746
783
739
1159
1039
1147
324
891
1244
1323
357
1455
2250
1300
293
1079
1335
428
1457
1805
1082
1775
917
1226
1378
1256
2289
701
79
810
486
80
1562
1189
1972
2263
1651
836
1936
213
81
1711
1291
8
1573
1149
907
2164
2281
2141
1998
1104
1114
1553
1195
40
60
1700
1467
362
1645
1480
120
823
789
1153
1253
61
508
1357
1677
200
2014
1489
319
1185
54
307
1524
341
2283
391
1055
2194
1551
1483
2110
2157
1715
1366
280
1614
968
2092
2002
1597
411
55
1092
949
2203
232
2133
775
820
1624
252
152
1579
655
1555
1240
2017
505
845
1318
2180
35
677
1281
675
2211
376
1730
1058
1978
1490
187
1727
6
1545
1566
2255
671
2293
821
1421
7
975
289
354
1757
1547
2195
1380
1639
660
2196
2258
692
1898
2008
844
2082
2009
851
2003
2069
2018
1187
922
974
345
2264
2207
1620
165
2248
1673
440
734
1644
1798
1491
1276
1396
799
1096
2226
1768
123
86
980
1953
1353
1338
1924
1227
2041
1654
477
2052
1982
1129
91
1251
1339
404
2199
219
1135
1903
99
1023
764
412
1713
1588
808
1027
1892
1886
2259
1592
1765
199
1067
406
490
1110
298
1606
1263
2261
1891
726
1344
601
151
2048
948
1960
1223
184
1270
730
1213
1310
1907
609
370
539
1301
1669
2178
2024
1539
568
2193
985
1406
1225
1552
1755
346
595
661
316
167
1985
392
2135
1933
1004
698
694
729
23
1246
1744
395
1721
1297
3
746
1807
854
448
1463
1647
401
855
1371
1221
249
652
444
164
773
2236
676
1284
1956
263
429
995
1574
1835
1362
15
2043
1486
597
2109
918
727
950
1685
255
1168
680
310
1370
905
2071
1939
1874
1044
561
389
455
717
117
1000
1771
1070
12
1776
882
32
1811
1948
361
1643
397
1967
2278
2080
1658
2299
912
434
195
1782
132
538
1107
627
302
2185
1328
776
189
1971
356
1084
1476
14
2010
2000
365
323
759
647
333
100
261
1565
552
1626
465
1703
1838
1853
643
1327
774
1197
1359
2104
1111
497
336
1722
443
807
2204
1974
2033
257
506
1298
1623
1720
1176
2288
479
19
877
491
817
1097
1595
1057
2148
2060
1829
1860
1922
1587
1692
21
1145
1944
388
223
1030
728
628
1360
2067
480
275
1909
1363
1115
1124
118
1045
1435
824
78
1837
49
407
2168
372
271
849
1177
566
1716
1652
785
1150
29
1927
1172
578
1207
2065
2279
2174
1292
278
894
714
590
344
1037
1089
2294
245
214
1687
1666
343
2116
2212
1203
649
928
603
770
1307
2079
1918
1021
1454
819
2228
1586
387
1073
366
2152
2239
439
1274
1024
128
867
1528
1846
398
1747
743
779
981
141
66
284
1108
892
1462
421
711
513
268
1810
856
545
1591
241
596
926
1955
146
703
25
1731
2101
1029
1792
1130
273
182
1612
1317
1732
542
450
1593
1013
383
500
991
98
97
793
413
1667
2120
1465
303
472
1848
315
1420
1674
543
816
1839
1858
1007
794
881
328
910
166
1204
1405
2147
418
201
908
683
2047
2191
1772
1430
2198
875
1368
1217
1239
238
638
813
1549
423
982
1520
2252
1660
297
2099
693
39
2132
524
1859
1638
1691
2128
1155
1364
1283
1304
2025
1401
247
447
1068
1843
1777
229
1533
2051
2044
1847
2107
2012
1815
112
1266
1224
1218
1341
1557
1683
1508
499
1754
155
1063
194
1734
107
1785
997
573
2073
2162
1735
2188
800
812
556
2134
353
1354
1075
1599
2177
373
934
1917
1585
2146
1883
757
1813
1581
1916
570
674
681
569
599
1456
1434
1183
1119
2230
663
1571
576
684
2231
2143
625
963
838
1409
1034
52
1995
1035
1694
781
1989
1959
1487
1873
1676
935
1313
1818
1498
1118
1558
2045
1900
784
110
267
2087
1264
916
142
1512
792
77
2267
1740
956
1915
736
1286
1418
2292
2209
1649
1790
2022
438
833
1043
1840
1321
797
1423
45
56
1546
635
1181
697
1355
262
2216
1346
1193
26
1231
2049
555
1233
2031
1979
896
605
1477
47
1343
136
536
487
1468
2019
381
1817
1931
1085
1049
924
2061
1641
1632
2105
1230
2053
156
2050
1968
914
2241
1698
417
1987
2140
1012
2089
544
1138
790
554
518
1973
43
95
431
1316
2266
2200
400
1806
2192
317
878
1905
285
2256
1611
1086
1780
1471
923
233
1424
937
750
2015
866
1600
1686
969
1926
31
1060
258
706
414
519
667
1329
611
1608
11
1756
9
2172
2030
2062
27
237
1636
496
1882
2007
840
2175
1861
841
1975
217
900
1932
1710
1962
553
292
2055
2077
494
2158
525
1148
385
1408
2124
2222
1311
1625
1324
2244
1919
587
1071
367
998
58
10
1101
380
226
2160
1774
1501
2145
1160
955
1618
1088
507
864
1622
1937
1384
1072
1875
1081
1273
879
135
1174
868
961
329
242
1695
1870
2240
322
2074
1961
1216
1760
885
1801
384
535
1200
662
1530
1337
1584
1723
514
584
527
1452
1429
1910
1332
1485
528
815
1741
1191
212
909
1293
537
425
735
408
1634
2197
1235
1758
2005
920
62
1356
953
17
1743
1532
2112
300
1575
762
1862
1397
180
1832
1976
1773
2161
664
1375
1020
208
1783
2095
1855
686
1404
175
2214
234
1704
2034
94
1005
1594
930
2129
93
2184
288
1431
2091
971
75
1896
178
562
295
116
1415
358
1447
224
1319
1142
1688
253
1352
939
1568
843
752
144
1527
818
1854
798
530
1500
1856
585
742
339
2006
2206
158
1425
1241
657
1113
1413
2210
2215
1819
1140
96
453
1062
1001
999
196
2075
176
1392
495
673
890
1577
825
1374
921
1048
464
1056
1032
1966
2081
463
1506
641
2183
1509
1481
1661
1529
1059
1503
30
1738
1287
1417
1864
668
571
2257
1570
24
1166
904
1152
2070
1379
269
426
716
1289
313
363
111
320
436
515
1778
708
351
1872
2181
1126
2130
688
753
2103
1388
2218
1453
1331
2066
644
1280
2179
990
1797
2260
1977
368
1705
906
124
2273
832
2234
1984
1878
1312
1706
422
1018
811
517
130
754
44
2270
899
551
1653
1766
761
2268
2038
1970
163
1662
976
449
2284
349
1537
215
174
138
294
1844
1615
1935
925
1762
478
1950
256
1188
1824
1382
2205
1285
416
1852
550
350
2027
22
1980
1845
1192
193
1167
209
575
984
532
1751
591
1554
221
1697
1305
2032
1076
1445
272
1367
473
1664
637
446
286
306
1402
1482
265
236
1745
1470
1689
1799
441
1507
296
1361
796
768
936
377
1061
2097
2001
1789
1764
1542
1550
616
946
318
73
1441
2016
634
763
2165
639
1678
1209
231
1449
1904
733
76
445
1400
1031
2245
467
983
1822
2224
1042
104
1737
862
1914
230
1827
1561
410
2201
943
2054
1749
1334
931
1103
355
1672
704
624
1759
1151
2131
2098
1663
2036
919
105
1517
534
72
1190
1702
1484
830
787
1502
691
2232
1879
1260
872
113
2023
437
1709
1212
2303
1925
533
1003
2085
1981
498
1258
1109
648
586
560
1347
1795
1472
419
700
51
699
1519
1087
1908
369
592
2039
1544
1342
338
1784
1387
1277
1627
83
1836
1867
420
1460
1748
1438
944
2182
88
1670
630
1920
1261
2111
1250
1516
2126
1255
2280
1605
2013
1504
1923
2171
1121
541
183
1699
282
1358
1739
2072
1957
2229
2247
125
1947
1064
1272
1534
884
749
87
1186
2227
516
239
1015
618
2220
1826
1419
863
1640
415
1505
1842
913
1215
614
374
1422
244
619
1017
2155
137
1464
1442
1992
2295
2237
2150
41
865
1701
766
1198
608
2056
1194
1474
610
160
2106
895
503
202
1202
2029
964
1080
1857
2208
335
1576
57
1958
1814
873
1830
2114
301
424
565
1693
1728
2186
220
1793
1834
593
1184
1993
143
1437
1511
162
1403
958
602
2277
1889
2249
1767
492
898
1
809
1282
788
2059
1788
636
393
185
1752
1714
1219
672
1601
1201
645
1446
1724
666
1659
1616
1077
1963
1376
1850
1831
994
1407
1894
988
1162
1619
629
1065
1120
558
850
352
266
2233
1934
1022
1763
521
685
1986
1888
1522
1833
157
1712
325
1887
831
651
718
1681
2242
1564
1943
1182
1531
1890
1134
1448
38
600
806
1099
1309
1010
1394
1050
114
287
1952
720
1393
50
1248
378
89
129
1336
588
1390
394
276
927
732
682
1175
1232
2286
564
1750
1596
1398
942
1137
1488
522
861
1214
33
607
751
1646
173
632
46
277
1365
509
1719
574
670
259
243
42
2298
2170
1102
1583
1288
1330
452
1100
430
169
870
2213
1131
1541
1999
1930
713
2166
159
1997
161
1945
951
1450
1141
1996
1965
2121
1725
1954
1991
28
1800
658
1479
705
1466
822
1885
962
203
210
1902
216
1820
947
1538
1794
529
1559
2238
786
678
20
1679
191
748
122
952
190
1617
281
1416
59
656
1942
274
2142
741
858
1866
1093
1598
2057
1781
456
2127
2251
2297
687
1589
2262
1535
2090
2115
880
1881
669
1237
2254
402
1941
1426
1675
2285
2217
1078
1169
1090
2265
1949
1536
168
2173
181
970
1069
1210
512
523
1635
2156
1969
2272
2176
1633
929
1609
1556
1220
1769
1440
1146
1877
2102
650
679
589
1173
1648
1268
938
432
1897
18
1333
312
933
954
1377
170
1016
1841
36
1053
1033
149
1271
1303
0
1026
689
941
2290
1247
332
960
1179
633
1136
2028
1821
548
360
1123
2300
211
1306
2076
1849
1002
399
1580
250
1170
222
1128
2253
1865
1458
85
1868
16
1461
2163
1433
1386
458
48
197
1988
63
1451
2144
992
945
977
620
2118
580
1074
1122
172
154
893
1066
1707
127
1469
1208
1696
847
563
2154
1290
804
579
2021
853
1495
475
1928
299
1242
2219
654
2287
725
2083
