3112
3676
11953
30583
137
20110
3657
17536
32885
6619
8713
4729
28531
34995
30971
36047
3444
35597
27563
36040
32263
33606
27591
24629
2523
16784
20364
12149
27834
27709
515
25485
5877
3395
3651
26286
24073
21050
24121
27511
19956
6540
9711
6083
3978
7499
15818
34619
17767
7221
36550
23523
14301
1972
15421
23624
25421
12592
27002
3953
10185
31353
143
33290
7239
35258
3708
21705
28029
6147
2957
349
12725
10631
24325
27257
1088
3222
31501
31801
27694
20127
5184
24208
11959
2013
29820
1987
24206
31497
6960
8750
25896
25922
9367
9383
8057
33915
26747
11441
24572
32761
24880
18295
19436
17085
795
10004
30938
3086
1544
30343
6314
33528
33536
13480
2175
33352
31551
5232
10867
10189
6535
34843
1121
11403
35834
4346
12431
14459
13440
2606
23694
12707
22813
32044
18060
34553
30091
26923
5902
3598
19860
3663
633
22391
7127
11258
9798
6076
2289
3092
9296
15284
1602
21557
11110
12122
1218
26142
29390
18300
11472
6033
19975
33545
23759
4055
24535
30212
18150
1545
17703
34239
35710
13693
8825
21001
19250
11383
2927
1412
27887
10615
28538
3960
35058
27918
14413
7832
34680
16688
19854
30331
13607
7148
23860
11467
23422
24309
32775
11792
36807
26945
21328
15572
4109
1841
19659
7923
5285
19508
3120
2486
3422
14894
33105
35010
20707
1292
3061
30909
26029
12540
33607
16113
27399
9247
19528
7447
20981
10172
20732
18374
26888
5627
9036
3129
19770
26555
12142
17461
11924
9926
7371
5696
31405
25023
25287
29091
18356
6771
28985
29517
29072
13197
67
30655
36814
35789
22732
36662
24417
19032
33095
8598
7053
31052
1422
3386
23576
21841
1721
23659
19977
34162
15290
35959
3825
7833
12031
26660
3669
36412
9435
5832
22913
11980
32592
10361
1481
22552
34223
16553
21577
34893
34701
6089
9783
15797
19102
26446
25595
26487
15113
25724
17221
5575
30339
13
30855
33491
24113
12097
27705
21225
7870
24782
7880
6521
8703
9928
36860
25193
11235
34188
6553
5135
15172
20112
5846
7241
36706
3850
34745
24494
7444
32122
35104
3031
2902
15362
34280
24124
5937
34812
36782
29431
14983
5319
30959
25359
28279
4940
28752
35067
22023
25666
15343
22
35056
17490
34474
9415
23671
25995
24463
2446
12153
9591
26972
26097
14006
2029
18090
19980
7839
21535
16580
9289
1883
6259
11715
26247
13657
29440
24169
31498
11929
4683
26701
29763
815
13648
19268
18896
250
26337
19731
9918
19411
7729
26956
30899
3074
12147
7471
6265
7014
8194
21224
25229
15721
35957
31546
29992
2734
27460
14070
5495
21399
32648
336
28271
8906
13942
26547
10236
33613
29687
14504
15006
539
4660
27516
2507
9973
6793
21738
30747
30523
36697
34826
2037
9737
20575
9393
35670
31523
36102
13170
30396
10968
11642
30143
21845
34679
76
4412
26409
7967
24519
20587
21005
1454
14813
24333
35013
14260
29455
5252
1025
12117
18567
22186
3125
29388
35893
9280
28606
3382
885
15944
15719
7772
33783
2218
25879
15179
25358
3463
18698
11974
11935
12099
12022
11428
19439
10817
11066
11056
15882
5622
31110
16667
13684
22523
17795
28868
30438
10638
7824
967
11898
12187
4560
3143
5196
28535
24116
31454
293
25795
11637
17850
35647
5151
538
30150
26288
28218
22524
9736
15032
3431
10207
17133
24567
10637
2051
757
15543
9396
28555
15851
26004
29289
31098
29506
6385
36221
35674
6608
568
34783
6783
4389
1158
24966
8053
34479
3145
34743
6447
4363
32964
4072
34178
19904
35323
8830
3819
34359
3910
27401
9084
31687
14946
12472
15484
25242
3169
19430
18878
21113
9847
7068
23322
5481
12249
34362
9271
19995
15991
21632
28674
33870
8772
13959
29908
16949
31563
21082
24565
18601
19233
35457
34311
4432
31529
24682
6365
11051
35012
1542
28548
34091
15285
31538
32618
34088
21799
34882
36355
8532
10704
26766
13507
5685
20398
20367
11230
32776
10719
15720
9792
24188
4248
22495
29582
35148
18227
11790
9131
9848
6324
7868
16343
8416
12212
1259
7946
33100
36085
36079
6830
27162
36672
35230
27015
10715
34689
6519
23673
30147
464
33520
820
16266
36858
2187
9713
35471
2134
13532
15732
2686
17400
15380
6167
12522
21863
8006
9675
8205
3424
28157
21684
28665
23555
3769
19764
21681
2444
26813
20379
7518
33316
7443
27117
4988
22400
16954
31892
36073
25839
26492
31390
4410
22217
11836
30769
11908
2163
13195
29302
1612
36467
20363
327
4090
33927
17182
23604
34026
29910
3375
31607
35192
24537
24186
27034
25993
34033
27572
11399
11783
16395
823
31694
19394
25698
7857
9422
35408
36483
24223
29903
33984
36819
34917
24500
27954
7935
34710
838
23213
22824
28256
26607
26443
626
19081
1364
22722
34752
32756
9983
4724
34241
18064
13711
31487
5550
19598
3711
30539
14368
11818
18983
13176
3351
4118
26750
34938
12281
30609
37
24070
19117
4763
36694
15408
19275
5067
25052
20705
30018
5488
821
15563
26589
30084
10110
8706
12655
19329
16986
29256
26734
21000
36086
28715
1795
29356
23632
33641
3706
13149
4456
26342
5499
13663
4663
33101
3437
30707
4291
8756
16858
24250
7154
4740
28807
31193
6414
25327
7527
12279
30649
6361
6998
14112
2438
30651
14087
12688
6327
7976
26180
4943
11059
3722
5287
3579
188
21118
1975
30962
8076
6068
5638
10510
5666
32310
23256
31853
5640
5440
36823
23735
3963
27281
27660
23764
25930
5121
32423
33527
11591
30348
12348
7216
33020
17730
34541
21959
17303
29154
27860
5293
7816
17923
22013
4818
4502
1344
36363
6219
19105
24326
27598
34006
2222
31667
1153
26254
11847
13890
30584
11606
36094
60
35101
35806
12247
29393
3567
21002
22470
5528
14781
24727
28794
7734
17973
1192
32125
22114
31361
23354
3132
27837
1431
15228
18951
33968
5333
34354
360
36525
15009
24889
5278
21423
31402
34409
18014
32058
14666
16008
388
16497
17642
13998
3891
14317
27455
18735
10633
30606
28749
11221
22645
804
7162
3409
15345
26985
6322
22900
32480
9528
8527
26153
22704
34001
414
22825
13319
30957
6494
35846
34376
28680
8586
23340
32192
6878
3690
28083
18905
15735
29685
6603
19352
6975
25357
5563
7694
1286
11334
28598
16953
5908
33488
27028
1640
15319
31632
12584
19491
32215
8826
20649
381
35874
24636
4945
14463
8577
973
6318
16944
19415
26074
5885
9972
18817
14231
36190
30614
584
1202
2460
32770
6140
13742
32831
2754
16357
20725
32516
20116
20825
3763
17619
15087
21064
11504
35272
1396
1179
19513
32968
5823
20804
8520
9241
34794
27260
16111
5694
11619
33662
26077
20147
1360
3889
12615
25160
394
32752
27641
20226
11969
7495
27467
10418
18088
1937
1020
6339
18555
16021
21454
26653
32723
32698
12236
29688
10553
31750
25546
24711
11164
33013
27442
4251
6097
15266
24315
28018
1561
9577
21547
11253
17422
4591
7540
20341
14986
8047
25988
33985
30378
33788
5751
24231
20264
26695
33622
17749
24262
21480
32014
22948
1111
3007
35583
6872
31759
3200
1781
747
17863
4348
8818
15540
31756
13261
20817
35569
10752
22613
25483
7489
36359
1171
32059
15782
3106
33859
17068
13071
14376
439
3587
729
25464
12459
35468
33486
1806
10590
7022
5579
19195
23532
2457
11139
24524
30426
31517
4481
3172
10684
10331
31830
9584
32461
8021
15209
31803
24065
12054
31786
10803
905
17279
316
4681
34102
20317
2879
9051
20704
29922
35142
32702
602
35288
15178
31039
18708
18208
35113
26060
32577
5851
20131
20229
11404
12104
35449
10625
35503
25217
17019
23881
28395
571
6108
2670
23093
698
31556
17567
21184
20661
21812
3694
28167
7300
32863
36459
15417
10577
636
28139
10601
9712
31312
2012
7812
15860
16506
26063
32875
11822
31008
5035
23069
3203
30906
30588
34991
23729
10176
32828
33434
1473
33120
479
7299
31710
30643
12531
5805
6313
28791
33784
26050
16680
1370
29024
4246
15858
2374
28032
24059
28159
32240
2253
13634
26955
27503
9939
26273
17167
16720
7512
27577
30377
2658
21715
25952
32118
2542
3623
8186
7882
5388
14496
25589
11493
32037
8794
7023
21708
25345
16150
21974
34304
27948
10195
5607
24056
5687
17147
7454
5567
6071
17924
27421
12682
19216
10613
11418
9979
22768
29692
31137
22763
23520
21891
29453
14305
20538
14204
2985
27748
4156
25344
498
36041
35619
24968
9593
31521
17484
31176
7432
12774
2495
29149
5334
11825
26581
12547
27630
6410
2560
27515
18852
15412
4145
8029
27655
3688
33304
35354
1074
26065
19061
939
11064
5112
2017
27433
1101
18585
3454
26703
3368
32401
28009
4801
11920
22606
30135
12468
1599
33232
32764
34260
15223
25780
7291
17844
35648
13658
23193
27298
25847
9228
11362
3131
20149
36698
29416
22724
28378
26229
24418
9250
1165
1784
22783
20491
12866
35470
26039
26243
6446
23067
12720
17286
29823
16964
5304
34155
1966
554
23128
395
7535
30797
17415
9343
26235
3058
19101
13754
3038
3527
4873
4676
11117
9725
7980
27278
29737
11940
36052
3418
5807
26051
25102
28106
3898
24268
35399
17718
4989
28906
11881
3980
29690
6968
11496
26136
20934
30440
20404
25393
28401
9224
25206
33452
14969
9595
20136
20977
6449
8914
2747
30145
31394
29930
32665
13037
29370
4607
5484
30811
10326
29746
16366
12061
14832
17910
33277
12334
35556
2273
21824
16268
13103
20390
25882
13273
25547
31479
35195
2776
26736
19527
1033
25209
17369
12282
21814
29435
30507
27303
25274
15454
18578
15049
9853
2994
15091
20249
23533
7249
29656
29264
2368
28608
5315
21396
12909
13944
27217
33484
26274
7521
32185
10485
15101
8214
14482
9827
2675
35163
4722
31617
7384
25399
16430
7831
5659
30433
14315
26427
5693
32323
16118
29598
14235
32879
25768
12752
6528
9560
33273
27536
32808
13320
32153
1196
2439
24983
12963
33897
19577
35135
34445
7543
27636
7979
18636
22506
10889
28909
17332
22011
23700
17611
11140
36612
35961
11273
20254
28874
19563
35955
30601
4205
17361
25377
13409
12521
12222
21910
942
26236
22570
986
36055
11232
25643
11408
20473
4000
10262
12118
28823
2067
26015
6283
1273
16534
8898
32925
6862
23387
216
3443
298
10449
10231
17313
27060
24872
2944
12960
33602
4911
20438
6537
21745
16116
5756
10672
10420
11543
25297
23369
9568
32943
13304
26528
31976
22265
35948
24573
6470
2889
1677
24948
33345
19353
36066
18739
28103
4611
35653
24066
34246
5887
32267
23984
18488
10428
10488
14678
35352
34187
31912
17915
912
24690
35112
20847
36358
6786
5936
18909
33112
13108
36809
36676
34861
26403
2769
7650
19815
11396
8056
33636
21953
7484
17407
13461
9735
12182
28170
35526
31926
22594
32617
1265
8777
26102
10810
6291
28322
16251
578
33798
6843
30481
2433
30406
35946
7546
26632
4654
5146
23001
2047
18359
28552
19309
7539
15546
29423
36346
36411
17627
1543
27127
6384
34300
11223
11447
2667
29488
7711
24171
24656
27375
21816
11414
10903
26759
11631
11078
30070
14054
8947
21714
27506
10085
8293
11130
16017
30520
8253
5432
3820
32295
7663
26227
8537
8506
24997
180
17416
13206
8079
22688
13515
31393
31973
13837
28316
34377
32304
11163
7019
1182
31943
19617
3955
22997
35003
36592
21481
31564
6293
5470
5085
7855
35108
31541
14452
35726
20520
31742
11567
26003
1402
9978
14343
2408
27831
26810
27738
21750
20018
5830
29819
181
3977
29854
10940
2290
2001
3348
23763
29720
2267
8666
4166
13822
7844
35624
22050
11576
18717
3055
19135
3695
26330
36174
2068
29005
15303
10517
15400
2146
34383
13639
21375
4233
23767
21851
36751
1351
18819
20507
2344
7021
2318
33659
24495
34435
17231
29089
29775
10769
2549
26755
4484
5197
1622
32404
13751
27391
25899
27977
8216
9571
7765
31099
31019
35120
9340
2231
2424
27468
22903
23449
6560
21263
9999
21867
10901
5524
35974
32644
6582
11857
18928
152
6638
36290
4821
6143
24677
18583
8779
4822
25539
21683
1534
12292
18606
2954
28406
21655
15473
25216
28176
26828
22377
19889
16046
20488
19954
28085
33584
14805
8138
5200
14871
33988
35130
4870
18230
14510
34002
21210
16904
30972
20543
142
26822
9229
25087
16831
29773
4113
34000
15676
13160
31404
35864
1355
19701
36610
4590
4079
11335
32832
26976
24619
5508
15369
30073
9993
4330
32806
1748
6542
6643
13900
1717
1467
5497
3080
15192
9259
12637
35191
28285
22912
9952
12967
2314
13471
17773
9281
4172
6451
10321
19045
5545
2131
35596
29891
32591
12972
4634
24588
8250
34880
1368
3735
19964
2137
16510
19128
36798
11188
30046
31364
783
15982
10905
26977
11943
11611
34698
4359
20342
35856
33427
27341
22055
4856
34444
34388
34554
744
32816
15795
19344
2764
3614
19476
1541
7566
33284
17744
25677
15232
22936
17868
328
25542
16507
7620
155
14534
28228
33291
18858
19873
2152
14256
18454
21193
31172
9663
9656
21310
34604
13308
20228
23809
22988
19588
18592
17350
18187
36661
35811
21885
4446
3671
34488
18907
9620
12277
3912
23055
12941
14239
34361
19097
5860
15899
6487
28714
35284
31844
30125
7157
5339
5233
7959
22153
16156
7784
8315
35066
27213
29409
23425
8333
4698
19056
2804
9545
36310
12695
19221
36286
9998
24695
9697
22832
30603
17226
12977
21365
13038
8508
36287
17494
14684
25231
9852
23028
12842
16757
3468
24271
8313
33474
6107
22804
10543
1641
32007
29325
25219
34487
31630
28119
20444
17603
11917
15458
1164
30256
14083
8262
4477
7476
2887
26850
21235
24003
552
29449
18755
26989
14855
22095
8705
12989
22935
25320
259
7182
5145
2027
15843
24117
14748
27340
29835
27080
36601
7214
3305
27170
25950
13622
32932
22865
3961
18075
15135
26876
3149
27700
14782
28645
18737
22167
12537
14091
27855
30222
8042
34635
7828
7958
34406
34343
337
7889
18135
30424
36522
19311
35660
36035
11978
18207
29022
23432
36632
412
9083
19960
23261
28688
8212
27771
4894
5259
3742
15394
15983
35637
11070
35575
35875
23287
25028
17584
2913
16294
16348
19636
6548
1847
30233
14505
23398
22730
5062
3263
34614
33122
284
2640
26049
5457
26937
21194
34441
27138
1208
8922
20325
36005
3088
16241
24060
29016
35594
31258
8533
9740
16892
20983
15996
35904
10974
33106
34129
30579
35977
20103
14688
14263
31474
15213
6773
23680
335
29611
19244
20117
19236
18145
16628
26460
36519
16803
18234
29454
36834
30259
16711
27224
711
9253
22734
13719
24849
22156
35057
30055
2801
15896
11936
26513
23380
17439
4833
18600
15245
35588
9095
33620
26178
14753
31805
8126
32651
23197
11255
30505
33340
9203
18335
8763
14131
494
21541
4927
3089
35139
22703
34278
25335
36614
20518
15962
17084
2872
18293
12414
23198
18626
11008
16539
13414
267
8694
31320
32491
15758
9265
18695
21592
991
6364
23821
36391
12803
27402
31837
8041
24678
30266
26030
15420
23969
21582
36095
9178
27763
34455
9200
21965
35877
2811
28326
22157
33471
20559
4837
25025
10636
31403
7374
28757
3107
23183
27550
24928
11883
1927
36049
27744
15659
9173
24534
12986
24227
14071
32412
31641
30853
22219
17666
9686
34620
27663
20802
5447
9166
34180
24816
2787
2125
4496
29585
29372
10947
18617
24106
36853
9214
31495
19042
23715
32546
11176
1049
32094
14383
23623
25999
10893
30029
32368
11726
22366
22991
5058
35094
25294
29338
31970
14872
29014
5708
28660
28172
27875
11267
18134
4424
14385
12848
14953
19079
22045
10399
12776
23778
26950
10204
35570
5154
18138
28920
1761
29183
17741
23040
29625
34702
30596
22246
10167
17005
11345
18687
31455
9750
12437
24459
11539
9355
11975
845
30369
22871
8966
217
8140
2228
8037
29533
33289
21819
495
961
22658
10944
14416
30287
24775
14726
31905
15439
18783
2690
12269
22260
5669
8695
36413
2620
35582
12937
14238
22064
5828
28968
28697
4671
3802
22715
7184
35577
31668
5001
25838
21646
19625
9301
33615
11463
15967
21748
27522
11211
23177
19120
27576
27528
26865
9040
20527
7170
13756
19457
7523
14993
24409
432
29885
5672
35628
20017
33096
10970
25803
3221
31399
10468
36840
28719
1709
22415
27165
19695
21008
36110
25281
14100
7413
10211
15349
36023
9037
16899
15017
16768
14036
9245
14628
3966
23463
17128
33466
13321
11540
6916
12968
6860
11800
7776
15945
27520
12383
18931
15090
35988
12389
9119
6879
21834
11387
35659
21032
28082
33678
7943
9599
4635
1712
31496
2077
18874
35933
9478
4855
14417
1403
25641
19343
697
4933
32206
28273
14538
12797
6721
26718
30003
5260
35639
28185
32329
21470
120
4500
35544
36497
34243
8933
23631
29871
35054
31007
33681
27999
15215
23451
36051
8738
26662
29371
29224
20886
8086
29116
2998
20601
25533
29748
28802
1449
21642
75
11331
8744
18838
12988
24293
1609
26293
15625
33702
7208
10457
1495
5271
31716
7740
6760
21190
6445
31346
3339
27292
4284
13669
9992
14639
887
29375
25437
17747
7131
24667
9915
11578
29742
34399
4423
5137
10012
17851
18833
35357
2030
16071
15915
2212
7927
32995
15618
12063
21498
1350
32245
27178
7818
30843
7774
28871
8859
30364
8646
8174
27633
36400
17774
6649
35442
166
29672
5363
32610
33551
25340
9363
35151
9723
30368
31503
2485
25409
14778
17485
25323
32847
28998
9013
12457
13110
22154
17475
26981
24103
6038
21627
35153
4292
22350
22461
17083
34261
32687
36796
35777
247
3509
14875
22361
31220
14101
20278
9381
18404
20426
7106
21384
14356
35578
18944
3047
11966
20399
25115
13531
29362
14942
28430
8478
3419
25987
21649
2465
18967
8495
1390
12246
17712
35294
28408
18733
7559
34099
10112
2184
14783
5361
26825
12892
35907
22175
8878
13111
24806
28594
3403
10926
36857
32464
7439
13869
24176
918
34722
34025
31727
18669
25528
28976
3839
3301
15808
36026
32514
13755
36111
23231
28305
21512
19209
10589
9419
26005
12231
7203
29078
11490
1891
20784
35549
1094
23985
21251
18082
19923
4445
17540
9909
1173
1528
27569
17906
14468
577
9917
15689
33430
12395
4609
7220
3530
30508
31758
921
9743
6844
6632
35187
36836
33163
32783
249
17565
17583
16020
30224
18169
27606
5979
35489
26260
4797
11701
9564
30728
26385
31033
7128
32292
36148
19184
32496
31930
5715
36721
680
13783
21699
774
18221
4349
21195
1570
15599
9958
30351
16249
30092
613
7826
5358
6529
14806
13898
5933
1336
9451
21598
18108
28785
24921
27519
19908
33293
17746
30745
34814
3492
21382
36059
2126
26116
12895
9069
12985
19951
6225
9075
23579
34613
6233
19526
2572
27132
32767
32760
9814
35316
17651
6035
14836
20714
11575
9242
