5908
6501
932
3931
1956
8419
7462
859
6206
2836
3665
4384
5063
7230
3474
8670
3431
4498
5414
3909
7815
8769
9156
5598
293
853
3349
2291
8596
5812
1106
8980
4390
762
319
837
2130
7525
3929
7001
670
8486
880
8479
2076
2526
1582
2095
6280
1669
7397
8163
8884
2300
226
6518
6421
8248
8435
6902
7250
1779
7461
4435
415
8227
1786
741
2945
8839
2694
5940
7451
2028
7469
4501
7080
1675
2568
5148
5347
962
651
531
7181
6737
882
4071
7760
2161
8421
9162
2868
4953
3954
2292
9054
6316
4422
8493
5880
7203
5697
1904
6545
2072
4886
4158
1167
7179
5605
8336
7530
3830
7985
4802
7323
5409
3134
210
9021
6837
2771
2729
3813
6503
7384
4120
4008
4073
1384
1503
1760
339
3297
3365
7817
3864
1707
890
605
4179
6179
3396
2413
6856
8025
314
2980
772
6667
4004
178
1426
5144
8202
950
2309
2733
5203
2719
1814
6468
840
8177
4670
3342
3269
4440
3578
4851
5030
928
691
7902
2746
2556
4553
47
2191
8205
7966
3417
4510
6546
1061
9009
5021
3473
1048
1004
2325
6475
8798
7527
6303
270
4231
6017
7623
5903
5843
3461
5485
5977
8156
1363
4034
114
4792
1389
5254
3332
5721
8481
9155
9180
5457
7570
2723
5522
5150
1765
3387
645
8724
1683
7431
2795
8815
8997
5028
6274
593
1137
7145
4913
2045
6146
1658
1138
3403
775
1952
6552
8138
6027
3107
1801
9012
6466
8906
8381
5337
2233
4539
8986
311
7340
6506
3360
2174
6832
7395
8793
5407
6793
8571
6283
4461
6299
1274
4230
2665
4858
4359
7280
4888
6555
8841
622
8711
37
5326
752
6800
7962
386
5687
5801
8422
8374
4199
808
3483
149
7841
6404
3746
6565
8135
8254
7573
1936
1209
4688
8398
2054
903
8274
7910
6773
1071
1861
2513
5408
8176
698
2254
1285
7524
7602
4485
6548
1788
4455
5305
4373
7566
5937
708
379
389
2649
888
524
3521
6369
4971
1438
3960
1598
2985
1621
1881
1234
3792
8262
4680
1652
3145
538
6438
8455
1275
6488
8899
965
2124
1699
4243
948
5363
787
7533
2606
6961
1338
4654
7542
1100
5093
143
8562
2867
6188
6736
1481
6313
6155
5982
8252
4132
2312
3240
1169
6046
8934
7433
4169
6672
7797
2536
724
1420
2125
8549
8091
5652
806
7409
3889
6533
5155
3860
328
2118
7015
7742
1030
4933
4018
1988
1828
457
819
6281
2047
8121
4389
537
6328
8260
2651
5024
7029
3655
4036
2071
7574
1390
3784
7882
5464
2662
4833
2898
3923
8837
637
7844
1268
4575
7212
7312
5205
402
3052
3416
8331
3742
5104
7298
7547
558
8220
8169
6439
6997
4346
8032
6459
4955
168
6827
4502
731
5585
2581
113
6990
2782
1618
278
4209
260
3607
7769
2021
4302
3751
2693
4697
5912
7572
7757
8475
3596
672
2265
1288
2866
4076
8433
1090
3493
7864
4337
4645
6742
4050
2974
4078
3446
5133
7925
1557
5233
6615
1052
4813
7108
6341
9193
8338
6932
4494
3770
4069
5783
8478
3391
5525
6933
7595
7357
3411
8440
3625
2537
7756
4524
5790
5678
6861
1149
491
1403
1882
3859
3955
634
6489
6278
4142
7111
2433
1912
5767
5274
4531
8297
7719
1121
6820
5459
7512
7538
8590
5095
2812
3231
8862
2527
7374
3383
1350
4745
1564
7350
694
8110
4268
1329
7153
3458
1001
4124
930
5325
8902
3298
3675
3524
3579
4814
60
1606
6901
997
2301
693
3250
5465
7003
6791
1173
980
8948
2492
7150
1277
2716
4873
3398
7307
6668
1681
1832
225
7314
2731
6695
4854
4385
7067
8598
6726
992
6200
2270
582
7445
4484
6230
5925
6937
5827
4894
4434
6398
7926
1086
8759
8347
3925
5802
8923
2533
5097
360
7152
794
8352
868
1101
6474
6605
8751
5130
2023
517
2471
3721
8344
5791
7255
2949
7299
7977
2944
8053
5038
9179
4356
4281
2852
6157
6989
3670
3256
3717
8597
666
790
9007
3202
6054
3701
6229
6047
4466
2727
3589
1914
324
7081
1991
4725
2373
1125
8494
7359
3515
8548
3705
7135
4984
7965
659
3883
3765
199
4102
5398
82
303
2696
6226
3282
2464
302
3350
7700
921
2098
192
2245
480
8383
7305
7893
4245
7980
7899
8594
7687
1257
2085
3097
1047
7128
3074
8813
1023
6878
212
7273
4216
3335
125
8757
3066
6057
1934
2573
5308
5280
4834
4694
3861
8844
3175
4366
6858
6072
1267
3244
1906
4663
7337
7027
5560
4056
66
1316
5167
8557
6593
1439
1625
7875
2494
4304
985
2145
6500
1730
910
801
908
7625
725
6052
436
5957
7124
936
8699
1671
5126
1510
8851
9157
3811
4280
7958
7122
7831
779
7403
6360
1972
3982
6826
2061
2714
3932
5292
8526
2905
7411
7224
4264
3442
3652
1207
5393
8632
8001
2600
747
4039
8364
4856
4037
3563
583
2796
8529
8407
5969
493
6483
1144
6223
4842
6023
4631
5772
918
7428
8809
2941
1842
3255
5343
9049
1232
5992
7048
2058
2016
8566
8890
540
3067
1212
1803
3610
3083
2320
4523
5190
8136
4121
536
1437
8326
6025
2450
795
80
8116
556
756
1230
6218
3980
8216
964
8635
3621
7458
4629
9033
5508
1074
5774
1737
8976
1294
2992
7315
2392
7182
7192
3359
5216
8033
7939
3143
4771
9086
8707
4976
7110
3126
5329
8872
312
5222
9123
553
3673
946
4313
7507
7228
8859
3825
3096
274
7352
7302
4900
1309
3905
1447
3128
5370
2676
5419
7603
6256
6177
8706
9089
788
1570
7303
1371
1895
2720
8786
2964
2638
6327
1150
3399
4684
5064
304
6636
6482
8655
9097
6140
7498
5864
8218
5339
2477
5396
2953
2299
4131
2216
8950
6429
3410
857
5288
3720
8743
5371
8889
5766
8231
893
8949
3993
5910
5246
522
9001
4157
2937
1874
6670
1576
2951
6084
5813
4718
1317
5583
2767
206
6409
2241
1336
8356
2324
7588
8268
513
4080
1127
8088
660
7973
2438
1670
3108
2347
7026
5311
6198
3071
1799
7905
4794
7606
4916
1899
8677
6515
5795
2684
7889
3206
2441
4222
5390
1920
1081
1919
2854
4286
9099
2162
4379
584
2724
6974
1313
6523
3918
7915
6509
1992
244
935
4250
6592
2660
7383
1637
6437
6881
7733
3266
9187
720
2266
1929
1782
2642
6445
6158
5043
2032
7865
7810
2574
8055
2960
947
2236
7086
5565
4606
6141
6874
3804
186
8568
8105
2745
9106
3226
141
4059
7317
1242
4709
8329
4825
3307
3975
4602
7138
3682
2707
1404
72
411
8772
2661
8480
7196
4191
1877
287
5961
1272
6020
6417
8447
912
8975
1709
1534
6420
4109
5204
5100
3233
4193
2360
4352
2808
6007
6817
5879
2844
2258
484
7988
9213
944
9056
4779
4198
7892
6977
1287
6478
8171
288
7739
6982
8609
2618
4002
9053
8803
9125
5012
5338
6076
5241
3941
2084
4864
6865
1375
8631
1080
7169
6776
22
9154
3901
9149
245
5494
3766
6845
1070
3192
6596
1468
8233
5991
6243
1284
6747
1011
1971
2109
4075
1410
3595
5315
5207
5008
8306
263
1646
370
8742
2682
963
4312
6013
8104
3739
401
506
5743
8995
7473
2902
5210
1749
3371
7077
4808
5049
5826
3778
6168
581
1854
3952
5161
1216
3408
167
5456
5313
5577
7304
4066
1003
5628
4929
5769
1255
3469
6724
400
2889
5710
2663
180
5077
8537
8868
7326
1096
2875
5193
9087
3480
3789
757
7143
2086
2138
1857
5872
8226
4279
5023
384
398
5927
4306
783
7147
5143
8408
7103
6784
8170
7826
8125
8647
2337
718
2368
6051
6852
8082
4263
679
2938
5686
5599
900
1844
8303
7470
1280
2296
2928
6916
2427
902
8916
8842
9137
7867
5287
8155
4893
3144
3150
5805
4456
1158
7371
6886
5762
219
3288
3460
4285
6108
2935
3475
4183
2637
1573
5837
7123
2784
6462
3036
1800
2253
746
4514
8397
2176
4551
240
7236
3803
4699
1890
5899
614
7871
5490
413
3098
7579
8754
3821
2029
1489
8972
4391
1763
1942
5694
516
452
5053
3476
6370
154
7970
6745
4942
5248
5563
2493
4649
676
3838
552
8554
103
4884
6942
1217
359
766
820
2319
9064
6335
7778
4677
1076
4468
5609
4378
1703
4097
5284
4693
6779
4436
4578
6831
6618
8247
7139
2288
3872
1361
5856
6153
4063
6645
7008
297
3437
8323
5890
835
1689
1541
7520
59
8385
2700
7768
5867
3603
6563
8878
317
352
7237
7059
1772
4788
9096
3677
574
3432
5026
6090
223
4287
586
4983
561
7610
2444
2195
3627
9121
4386
3309
1504
3719
6991
3529
6427
6709
2399
5196
2062
5460
6978
3241
392
7065
4019
3037
545
7114
7404
8339
5509
9048
2422
987
120
6434
57
1933
7332
613
1119
4992
2645
3487
6746
8951
5932
1758
2803
231
2304
3118
1638
1961
4577
1037
4168
73
5382
1010
2031
2919
2332
7238
6045
7284
1362
5475
1066
8903
4559
7455
486
5128
7475
44
8491
5685
6365
8401
8900
6507
5162
5617
2979
4241
8763
5579
6782
2966
4387
3834
3694
6480
2817
6358
8784
161
6795
4967
296
2474
6318
647
1192
3377
5674
4284
4944
1312
6380
5019
8612
6110
1517
2137
1343
2408
2049
9119
6121
9035
7060
6898
5645
3207
6607
1830
1807
2699
722
5951
8755
3012
3385
5213
3984
4741
8314
342
7037
3320
1241
601
26
6205
4323
6016
1679
6631
8865
8154
8473
3443
4265
4470
1740
7051
9171
8377
6679
5838
1793
6219
4691
7517
8132
7452
8775
5549
954
4462
7373
8413
5156
4381
6836
5041
2267
3893
3828
5726
4236
4217
2558
4020
5979
8909
5116
3878
6811
2840
5445
1562
8049
2534
1470
2943
4444
7132
185
8312
2865
8236
5332
2540
2629
7872
3976
2842
4030
2879
6761
8382
7880
3390
6529
6143
8415
999
6540
1721
3656
2738
4267
776
3910
8657
628
5719
8649
2310
7163
6936
5102
7874
8744
3844
551
8229
8454
7866
8058
6147
8174
4119
5083
1968
8628
5048
3891
8921
7478
4361
758
9029
5518
8279
6433
2602
5703
5712
2339
6381
5871
391
3801
1619
6979
703
8395
7897
6099
7031
1205
8802
5734
7593
202
3242
678
7159
9037
632
8203
8764
9148
631
2403
3728
9164
7053
4305
3658
5349
8747
7803
8600
3650
4564
2975
4347
564
3587
5264
1695
3917
8578
7772
811
2462
7557
2518
365
4803
257
6616
3125
4360
9026
749
5223
597
8482
2380
719
3637
8446
5471
7467
527
1372
8621
5681
3664
2286
3514
4761
1928
9145
2931
5704
665
2378
889
5421
5934
4846
6704
2888
8595
7793
7701
3155
5955
6376
7961
7750
4710
1938
7885
5255
914
2482
4325
2622
2770
3569
1132
3215
4978
1892
8855
8880
6465
7912
2545
8021
3662
5800
9197
9061
6840
8897
2052
6763
2268
1641
7561
8019
1082
9079
7997
8031
222
2318
7928
8230
7399
1627
3987
3793
2251
8770
4611
3112
6891
3271
8963
5643
1152
9075
8366
1911
5989
4260
4224
3415
7327
7639
5314
907
3940
4786
7201
5166
8883
5309
378
3800
5742
5610
955
1985
2631
7022
5405
1873
4520
2281
2907
1482
5188
6988
3278
6612
3630
2773
6237
4083
2869
4221
8201
7343
657
170
5202
94
7856
8411
2958
5066
6213
2165
3237
3239
5854
4642
1383
5849
4855
6586
8133
4536
2517
3687
2757
4581
1115
721
6744
123
3505
2567
4210
6946
4154
1380
2778
858
8410
6403
3725
6346
2042
9112
6044
5680
3236
2927
887
821
1673
3639
7170
533
2505
7745
8994
1423
2083
4829
7936
5895
2142
3166
7131
1025
315
1969
1776
8820
729
3862
6407
5949
7660
1295
4548
8436
2411
8676
1116
1927
7083
6935
804
2227
7490
6981
7358
2643
1126
7953
7101
3185
4012
3732
6602
642
4015
8574
7730
2279
508
5575
2396
1472
8101
1813
5022
208
447
1370
357
9015
3120
5737
838
5217
1629
3085
1727
3462
1943
2807
3737
3156
2159
8015
8099
1552
2920
1700
3897
1746
4807
1226
7935
3062
9041
1185
101
877
6479
1955
4796
6117
7200
3855
5701
3947
6766
2557
5119
8881
3139
7569
2918
1986
7335
4921
8746
4528
7167
4949
1342
4828
7637
5924
1509
569
2789
2987
8457
1406
3612
4138
9071
266
8602
6758
2747
7069
7377
2838
619
1872
8159
1143
7825
1327
7735
1293
6609
1398
7412
8534
1804
1661
8119
8891
3227
733
4006
3645
6588
5816
5640
5846
7832
532
1515
1008
1060
8619
2826
6185
6659
6900
7282
4874
6440
5429
8042
6635
2243
1605
1744
1958
6663
2467
67
218
1612
4822
7682
9115
7064
7161
1429
2461
7253
4070
1656
8404
5369
960
3106
298
1751
4479
6715
7858
3213
5497
2772
1424
8027
5185
6956
4175
4515
2524
6373
3533
8198
284
3669
7631
7146
498
1306
2341
2018
8416
7960
8992
8253
4357
9212
2428
246
3186
8181
4040
7009
4799
8072
3988
744
7288
1983
3848
327
2990
3686
2115
3900
6778
6818
5604
7629
5330
8359
1258
8731
7328
8102
1065
6764
8617
6449
1610
4530
4700
539
2614
5376
4437
990
5397
3466
1382
5786
6754
5033
6814
7339
5417
8565
8237
2539
2640
6401
5984
7254
8030
5731
3552
4038
2150
2048
4349
5758
2797
2025
462
7466
4042
6583
5306
89
5496
1094
4586
714
5176
6009
6326
8954
595
6875
8947
895
2525
2252
3099
2571
4162
8468
2823
3983
5121
6590
1990
8113
1142
3045
9158
739
943
3004
3394
2294
1085
4689
4960
848
9066
7239
8613
6976
8319
1585
5653
977
2806
6100
3997
7693
5817
4604
3556
2135
8100
3899
7041
1213
6249
8046
3608
6050
2106
5492
2366
4364
8449
7709
8335
6969
451
3306
8423
9128
8536
8093
9030
5662
7878
6019
4321
2690
2434
1428
408
3151
1087
6796
3119
830
2078
7194
5340
3465
6160
7587
1818
4309
2894
3636
5634
4104
6
6000
7062
1819
5431
2999
2182
5858
8981
5206
4227
4239
9091
2810
7908
3044
7148
8399
6171
3133
4728
2387
3400
4774
4587
1458
3768
7087
71
5586
50
8569
2862
7313
5566
5602
5384
268
3113
796
6293
7356
3082
4331
6357
5545
3366
3463
6651
2094
8544
1748
8797
8794
5696
3585
9141
7006
2532
6349
397
8465
8244
8497
4784
2825
6169
2108
6514
62
242
2917
3782
4458
4451
347
4959
7267
146
4901
2754
1787
6641
919
5770
8372
1949
6838
6015
3132
2356
2385
333
2091
587
5857
110
875
1463
1599
7779
5358
6083
174
7766
8295
891
1147
7142
7568
5273
8560
3956
7063
492
6821
4748
7545
3764
7422
4835
1355
3435
2933
7666
7209
2906
190
8982
221
3414
3555
3221
5001
4875
399
6308
2090
3406
3064
5328
7852
3361
5302
7389
2702
554
5870
2011
8328
6034
7861
145
1555
4081
689
7217
4041
6557
1623
6558
590
6829
2950
7506
2173
5493
3659
8831
130
1256
1549
7367
5253
7792
3943
983
3540
6575
1402
7668
1577
7393
7659
1693
905
5215
6634
5455
3959
5304
1692
7751
2697
8144
9201
2100
4739
4816
4750
1301
4770
6949
4613
7714
7927
4723
7441
2282
2168
5866
4126
5891
4137
7650
7813
7488
3965
5672
5017
8511
7405
7345
981
5757
205
4237
3080
374
6986
8384
1533
1733
1505
1141
8308
323
4087
1083
1932
228
4736
860
3393
5567
7002
4762
4254
3936
7691
4832
7957
3260
4064
2625
1702
8086
3908
8587
7840
2832
3264
7034
243
6087
7423
9127
6652
1735
8836
2104
1486
3950
4932
4733
7281
1962
3141
9017
5917
4428
2167
2752
2210
8284
7901
2743
3184
7044
6058
3197
5941
2120
6535
4669
4991
674
6128
6578
3129
3263
3948
1720
4432
8199
8805
449
5635
2874
5170
2824
9095
728
1095
7342
5592
8095
8124
5971
2068
3734
2561
8970
7178
4781
4057
387
9203
8341
1091
8182
9013
2967
3276
1716
1443
251
3576
6973
2327
5249
851
1202
7485
6010
4212
5321
4905
8893
5537
7501
2089
1041
5981
5811
6344
1701
5690
3573
7107
6022
6538
5352
6680
4301
521
5201
5929
6650
1894
8313
563
1501
653
5087
7851
1783
5853
4661
8464
548
3729
5159
2717
8509
9130
3786
4413
5576
2231
8023
7263
7004
5092
5543
3222
4879
8539
5447
3348
5589
1456
8476
1856
3594
2899
1532
510
5632
7860
7853
6834
8639
3049
6290
395
7761
3877
6964
4867
7289
5904
5633
4226
1034
7013
331
755
5723
5310
544
3562
8287
128
6955
4615
5098
3546
236
1940
8064
52
429
5231
49
5158
6003
7247
6934
5664
5551
6371
4153
5799
2878
5923
3985
8531
0
6903
1826
5105
1678
5186
8846
1203
6823
6162
6723
4060
8213
5832
5127
6927
1909
6405
2335
5129
6264
1841
5052
4108
8087
3605
812
102
3308
7781
5146
6807
4447
6428
969
8063
8117
6638
476
8688
1560
6279
7971
6113
32
6396
7608
8690
5142
7532
5630
2652
2510
4775
1569
2508
3759
896
2857
4215
781
5212
8212
5224
5918
4382
6972
7457
3760
337
8463
6297
8221
193
3102
8234
3355
8270
5383
6627
2193
2063
2005
1731
2820
5935
1544
3061
3478
5266
6728
209
2921
3027
1440
8062
4790
3038
4448
3829
2776
1006
4511
5438
6666
5199
1298
2730
3235
8195
3489
3913
2923
1214
8877
6422
256
771
7554
336
4902
7361
3700
7991
6288
8005
7647
2003
6983
7376
7896
6067
4427
4365
1349
4872
2414
7076
1245
233
6825
189
8725
8879
8892
8641
9207
6314
1178
2959
2523
9072
1252
4252
3208
9132
5538
1379
2099
7207
802
5138
6919
4240
1488
4885
7782
5014
8814
7115
673
8071
5096
7685
9059
6491
1236
7391
8927
2177
945
7591
8485
1036
8325
7320
4965
5510
9044
7229
6785
3873
3314
7223
9063
3146
8089
