6814
2718
17285
22997
21381
10910
15176
15262
35285
11357
11166
30677
18901
20178
35344
23454
4028
19221
27550
24585
2974
13189
3794
15125
7890
3317
27152
19358
32777
2837
8925
18814
6933
16082
27464
8124
25477
34773
10197
26581
31248
29573
18568
35342
31646
10865
35742
2901
31246
7070
11081
19272
393
23645
35933
8097
23056
16503
33669
4823
5756
7261
30793
28681
23317
7010
11017
19035
14864
10768
27861
2576
4670
4001
5316
17111
13504
4949
27150
7413
28111
26697
21207
31957
13015
11093
17600
8919
13636
31189
16523
32596
5444
34889
36479
4733
2825
15823
22910
30039
29410
27093
3535
10622
6450
31560
33215
4995
34135
32530
8766
9045
17732
20599
33557
5839
191
30149
34185
25365
36303
727
1348
15478
1660
29374
26430
4235
6101
30436
19574
33519
29423
9540
3808
7904
574
36626
6985
24274
30388
32137
19849
31862
644
11986
34319
14805
34484
2005
28287
21828
2914
25924
18960
20619
27766
20927
27733
11029
27745
5876
4215
28631
899
35077
26053
18612
2354
6296
31375
33919
31346
20308
5833
27431
15143
1220
5201
6672
14718
14350
3129
17135
2839
4829
31527
18044
10545
30020
9972
35698
14142
18584
33932
6526
27279
30332
1743
34116
35140
17283
9412
7234
4043
8629
1780
6613
6449
12220
29424
18446
34120
3711
28434
32207
8829
35390
11321
6951
13187
1343
15189
22485
19522
6935
15605
1151
1800
36233
22664
18738
19239
36053
35832
35442
4740
4287
9031
11509
27157
14642
35605
19298
5576
5984
9295
17289
19081
31102
35170
26372
4543
31509
36692
6921
8139
1737
6997
31294
2430
17753
19331
11903
31169
10371
34581
6769
24015
31369
10546
29383
28500
29948
14293
16831
9852
3165
28981
12862
9929
663
3386
33470
17122
26292
33020
5728
32618
1336
5226
18389
30223
637
7482
17489
28791
1480
8311
30800
8331
6314
23945
12427
853
32383
1105
26376
4935
29823
33506
18260
25973
36302
9672
25314
5725
34165
20040
733
13948
11648
2121
17553
18958
28598
25475
5282
21213
7225
20242
31837
33673
139
19017
16146
23544
2889
28974
12193
30981
5354
30880
21003
17040
31044
21696
6275
34505
33074
20591
8303
24958
4207
32206
33077
13393
2888
16331
14409
9935
34881
16686
9343
15765
4808
31233
16500
2353
29836
27250
14919
1629
22356
8383
29461
27006
7807
35198
11578
2855
17751
16343
8855
9091
26013
22816
10709
16316
7552
10313
21583
31176
17864
31177
5432
5372
25792
21730
6217
25331
27413
3577
24404
27137
29119
34564
25287
28770
9528
12235
488
28041
24191
20381
4759
12407
1284
21231
5972
7509
5247
5269
30109
24338
12342
22415
30785
1365
25943
24797
16096
26704
36823
29372
32727
10863
839
6747
13077
4584
35104
9322
21847
6582
17024
35349
8372
7292
13655
23866
24994
22542
27002
16582
7394
26127
3147
29312
15202
34532
13039
25362
21379
31051
3477
21385
9535
11047
30468
27189
25010
29888
24674
9442
30472
33023
15753
23054
22217
18927
4414
12486
6969
4350
13193
32694
21832
14084
21054
8112
27273
9450
7160
6280
27477
14985
29571
2517
18272
20020
4752
1297
26205
36271
35072
5393
54
15999
25278
3465
15222
32600
5079
29777
2066
18121
27080
23368
35329
17681
10218
14306
5988
32175
18632
9476
7381
25327
19701
35657
31074
23335
18100
23131
3710
31069
9489
30526
30069
35471
10544
18450
31829
32669
12679
1632
22196
11126
7286
33873
20871
27133
35656
23618
1736
9173
20412
24481
10080
21960
32466
32798
27375
18045
5380
12000
30962
714
2953
33428
5199
27198
26174
32704
17570
2105
30976
6639
20385
35567
25276
13026
25852
2179
9297
32746
20596
11388
9821
17358
11330
17548
8639
29303
111
7561
26056
8680
17173
9468
3543
4204
26340
11869
26236
15352
31586
11735
23289
9824
22833
29527
6905
30152
14088
17763
13765
30024
23381
34901
6646
13269
34746
20439
31229
15204
7043
1669
31602
13457
9544
981
35623
33749
6581
18016
19015
16958
36714
1216
7255
21136
11012
21461
17904
16907
29458
4285
17015
33520
16212
13021
7624
29354
20427
4388
30714
9712
19887
7732
21585
7030
31613
19919
33623
24535
13768
32887
36223
5265
5616
36347
30270
30560
6169
23369
27490
33408
23177
30089
16485
27541
17995
10503
26973
8094
19293
24136
28964
3988
28053
29856
7639
34896
15865
25431
8242
1276
28924
12706
15951
2073
8484
31879
27207
20047
26948
2934
3198
11256
6970
4533
2486
31008
20458
2148
28110
13920
22000
30301
19770
16285
6990
249
25023
26784
30333
13215
32713
9342
33679
13667
23797
32996
9928
23069
14223
28900
23670
9378
22961
5312
11764
25303
35192
26880
18609
10206
28927
29054
5439
11657
21644
11727
2894
31471
7428
15235
19448
8905
21218
119
20400
21120
27454
18013
25469
15944
35273
34397
29653
7792
8316
2550
30027
9348
16960
9478
35330
24885
21631
29348
27640
6736
20402
13508
10068
16992
26866
10265
190
34499
34357
3190
18865
22260
17738
10117
2697
13657
21060
2980
2590
27138
13917
20192
11066
2290
3298
12208
14354
25681
10951
16466
17604
19318
8446
7680
13074
11720
5382
8300
2543
22980
28153
7243
33399
28788
18512
10781
35580
27517
17765
24143
24848
7371
12404
20581
5124
28522
25150
35265
3528
13585
10678
31573
13248
25071
12297
22276
21777
30805
7439
22368
21391
11339
5573
31960
31736
7673
25928
2218
6884
3080
34622
17861
27485
23536
17993
27313
11524
34245
13043
33495
1796
927
27062
29332
35503
4146
27971
6794
108
8901
24059
32439
11776
12680
36769
31637
1250
18720
14097
11001
23983
5448
32690
4286
6881
33161
36105
5806
19169
10980
8848
17487
25236
35784
24523
26978
29841
2018
3636
14768
10519
1477
24692
28373
2954
198
13949
23427
5221
19193
6945
25993
22834
24023
15457
9916
7573
33468
35677
16276
3138
11587
19440
10589
29577
30745
34752
318
12735
31323
9365
25252
35964
5757
9861
18468
31137
9119
2187
13642
17787
2873
27081
1352
23936
1248
19285
19983
28949
14862
25207
4792
11031
9988
6423
15674
32127
13178
23153
17509
35465
16676
31901
13564
5461
8377
20095
447
11535
18786
6162
1342
22418
9317
19669
7806
17739
2311
11716
29112
21111
24478
33916
16495
3894
4768
4345
17117
27943
17660
1448
1809
14416
32692
16558
24116
35709
36790
26901
32039
6984
19840
6855
2943
2505
25673
6729
20312
4157
34366
35357
7762
7495
36345
34463
33150
11023
14025
30430
33926
4727
17535
17809
32715
30734
11382
14196
21636
14164
14831
6407
4117
36695
5344
15744
26389
26709
11888
12919
25740
3584
27783
7879
18292
35058
18319
22140
2327
3783
35554
14372
5841
36655
20772
17136
24878
23020
19718
31351
5952
32177
8920
19032
31407
26066
18127
7353
10735
21140
12896
14467
6916
27709
17412
12544
19257
26307
12411
36786
30485
1634
21056
2673
19672
26638
4931
32040
28370
30580
32779
25557
7294
18889
6386
32866
28773
11490
18864
16289
22498
18142
21605
5568
29858
2033
34205
33040
31234
18737
3275
23154
35298
26484
5730
4809
13691
18402
26666
35937
24094
5832
24695
2671
27253
16029
5346
22546
1888
20678
13778
3568
6686
34819
4410
33984
26687
22522
12478
29106
35975
11106
3905
31484
31458
28650
31253
19119
1334
23325
18184
725
30519
28448
1173
3998
11145
25910
5001
19755
4167
2874
3858
1520
30856
14791
28608
26995
34830
22031
17698
11902
31025
34044
35081
24804
960
6831
8382
32673
34807
4220
34644
33479
13602
31868
28105
24157
10711
4847
25328
4276
1130
4836
6064
25104
21407
8588
6615
27122
14472
21877
12370
32884
21666
21319
2809
7061
32599
30041
29700
11760
30410
19716
21628
31581
7491
14939
13886
3456
8510
27592
4810
5305
4108
34810
18180
34615
19549
27805
12670
19300
18849
19779
9664
22112
24426
16160
12509
27492
32251
24606
11086
25824
31858
713
11065
11223
28031
5896
28944
2092
9220
15417
19927
23042
32971
3378
13439
524
2810
20872
23609
16964
289
12932
28629
35144
30548
29007
11769
15573
24309
25727
13624
13127
11591
2159
31561
4156
206
21232
8776
29427
18457
22659
2503
9027
4385
26237
21088
15665
29399
5948
31841
7631
17720
7474
23817
11151
4363
5848
34248
33186
4394
31098
24468
19419
10526
28619
29278
11390
21849
7668
24832
22789
1472
28942
13538
34656
35121
15902
6021
10368
27864
8293
30415
25524
30473
4489
25481
5949
34976
6034
15791
1847
20043
28303
33501
32349
35954
10246
1876
18578
17874
584
3086
28702
33038
7127
29632
9011
1853
10045
19861
9408
6807
27518
4492
19273
22999
30756
33584
18741
23389
4885
656
35958
7182
25309
18352
33924
28253
29790
22211
28036
16326
33268
3399
1710
22464
16824
124
24341
5260
26627
23023
25788
13839
5077
4687
15831
14393
12266
27041
28893
8170
33523
35447
30973
25745
29894
14361
24608
28112
35314
15197
31542
1125
13622
3257
10376
36629
8904
8441
12988
30006
19783
10037
18238
32132
254
2441
26885
36842
26554
14921
17344
34703
3397
6787
3502
17606
4197
26618
18322
16520
9725
17223
20732
15685
33296
17560
6586
30409
7691
12687
1014
16800
3146
22601
16775
718
35187
33450
28617
20489
11858
36273
564
26511
2705
30775
7076
20425
2519
36100
13181
8864
7954
23230
20213
21630
8772
9391
17084
32559
905
31457
5465
19229
6318
20896
267
16804
23709
20382
31158
29797
31091
11278
19246
8715
31215
6188
1661
30920
11806
16872
12021
10672
24052
22553
17064
24512
7152
8823
31805
12019
28875
2562
14513
18973
26912
24554
30403
12776
21649
6432
12850
22593
29200
11108
1103
16286
27073
30140
6537
24477
20094
28081
29195
35147
14933
25931
15426
21104
28449
7
6279
26244
4484
4017
2504
437
27362
6576
1286
33667
71
6841
7868
17008
14991
391
21632
23265
8585
15652
23851
27465
13685
2785
911
12597
33554
27255
21816
9093
17021
32869
32279
786
21269
26678
21861
4697
1109
31875
20372
7396
151
31104
14488
964
3297
21333
34879
17536
35806
18164
32264
12050
18122
29182
15998
17170
17609
30738
7460
1752
34841
23394
10160
13669
9658
4281
30713
4814
36103
12389
4170
631
30842
18505
26889
28934
34706
15161
32335
18903
17365
25885
6472
6080
11492
6448
26649
34569
22933
8001
30723
1186
11519
35426
3463
23812
2528
16481
10890
19335
25555
29716
11272
23518
29118
29488
28577
4915
4178
26208
712
7467
14901
6180
36805
14135
6670
27741
33893
28683
20900
8349
32328
36800
7053
3064
20530
12577
30281
13957
12
13474
27446
3979
22521
33280
25492
2849
14004
12322
203
15793
805
17237
8943
10258
23515
7242
29167
6455
4997
22109
23875
30367
27944
14474
13536
180
10927
8580
35669
14578
31707
29246
16776
36417
26689
13956
32688
3413
15622
20330
1930
19087
21459
35523
33400
4253
7012
13640
16057
33621
32004
22650
12385
5070
10568
12180
14793
27510
36375
2357
22989
19415
33954
23342
17982
12925
10356
10528
591
13452
29397
28463
18563
15947
2352
2313
18884
12944
20917
5153
4882
15304
24079
2526
5023
7041
15098
11172
6475
15517
3574
31619
21160
21289
4299
3666
11570
32689
25620
2820
33030
29308
28928
29525
10903
11563
30453
10782
35325
28870
20423
29889
15508
35200
2336
1169
11529
25117
33404
4939
16438
14624
3319
5494
14031
27267
20527
8308
32067
3985
19233
14176
34428
6906
18561
6128
33747
13413
26271
31710
12320
12097
9356
23414
8816
18231
5936
7393
35421
35710
3234
21077
14040
31588
15073
9086
2307
4824
9401
8756
30607
819
31048
27684
24677
22856
10077
21193
5192
13952
5246
34548
29090
5976
20416
5211
13983
2090
27911
31349
28032
11477
18554
16698
29907
31798
4193
4344
18048
25216
28343
33695
15486
4720
27506
2745
13345
3861
12999
12948
12593
17736
3872
23768
5765
22852
31285
19102
5430
30984
18426
19044
231
35682
30783
4294
31218
16647
23305
33159
12590
19645
36811
15683
18607
29186
4327
31668
33202
13199
6913
20491
35272
25506
11214
16640
32249
33974
33070
1852
22608
33886
17028
7710
28079
19306
14645
3772
13922
8490
26679
11669
9887
19513
17295
14774
33337
10013
1415
36135
28811
3412
22089
34461
28565
31202
13339
6685
16615
5159
16693
29829
15343
20782
33999
7442
29252
8263
30985
3128
14495
29588
25237
11080
27958
15924
19159
31264
7176
19439
12752
17634
27201
19006
25022
36495
20405
25798
29729
5629
21143
13808
17821
11146
13897
14536
1912
34809
32533
10410
12704
29169
33342
6158
12190
1063
6244
569
5892
17532
5614
29981
17935
2376
30417
6254
25086
5533
8836
696
18674
36541
3741
12079
11248
2931
1695
34549
61
27953
9541
31833
33291
5477
9629
15576
22149
1384
24367
13630
3169
15687
31623
17918
22527
7224
24656
8006
28483
12463
4496
36696
4990
24807
7055
17770
3614
19613
22218
26501
5941
9805
12119
22141
5671
19912
34123
22146
30506
28317
29820
10613
30597
20862
19105
19329
24508
2635
1057
6409
25392
6201
13097
74
35233
10130
1252
10654
6756
30162
10937
14753
4127
15127
8910
19526
31330
751
12276
19633
21135
4412
979
1727
157
10742
1935
7923
12439
36535
13262
23215
8506
8204
292
6966
36765
25726
6801
6927
16273
17673
20079
11715
16572
32338
29828
17441
32907
9557
5499
21049
32009
3847
23113
28978
30650
36543
9853
24901
23185
21299
16766
6283
32725
36424
2379
15177
12996
21117
18136
2062
35849
1735
32711
12396
9001
15374
30596
32130
4665
16177
17684
22144
17514
25503
9953
7712
7925
19543
16651
18622
25811
29213
27523
9858
33330
11762
5488
3092
16434
25604
30037
4756
13643
29241
11083
32447
4130
21
28174
22327
15434
26314
10677
20052
4724
14026
12399
30304
13013
25826
15113
29651
6344
21905
25945
2200
24766
11964
26888
30124
14046
19991
29233
21173
28342
27940
33423
29553
30008
16507
36821
33103
3088
7598
6658
32308
18425
15137
6164
35997
17970
20743
14399
18752
5857
10505
35473
2480
33605
27772
33168
4901
36056
19748
33066
21454
27614
10379
31363
23613
12872
21780
28384
29184
30471
19170
33867
20030
11041
25694
15816
36809
36401
12084
35194
60
7415
12857
16309
35254
29172
19863
33348
4848
16310
1666
8761
30533
33082
477
5709
11808
10633
755
12816
28183
14321
766
34
26248
33728
30094
25536
2941
4478
13391
23201
8084
28903
3346
9584
36047
24064
1786
25103
12551
21917
23396
21266
26617
13725
13674
2633
25734
25627
36562
31753
17189
34506
12338
21838
35553
9981
1300
400
25145
33985
6460
17077
32966
12734
10284
22069
15659
14019
5521
22293
4620
19889
22591
248
26328
24967
18572
24521
4680
35080
15872
14932
24057
5831
27791
15956
22793
20050
5147
8583
396
22448
4107
24775
15302
30528
34003
19998
8944
20537
14993
27908
35381
2965
13277
26702
28100
24498
10571
12462
4536
6026
26877
36360
12783
28504
16415
18893
1892
27079
835
9103
6129
3696
19696
16636
20271
21702
23879
29185
14516
1028
25385
36404
1051
10104
28593
21738
5252
20061
18924
4852
29892
440
15006
29001
27361
13104
30546
20513
32035
33060
14436
13740
14330
12681
2657
8260
27973
24774
24190
5114
5682
13267
16182
36228
1938
13588
25301
17568
28349
11182
32053
30261
9669
789
19963
14641
9492
25633
13510
25796
35637
10375
18570
3300
26464
35894
19968
24087
34284
29646
8592
23102
34676
32305
11009
22882
32168
14792
17781
9940
4968
25033
32036
8359
2084
1518
25701
22152
9776
18946
8431
10695
19163
21689
3595
864
29127
35577
33577
22680
7408
20968
7475
19194
17593
15633
16306
5943
27939
12968
31279
16305
19464
23420
12592
7184
4030
28549
24139
24831
8180
17124
25089
7990
7300
30762
25991
31164
4821
16254
21700
30926
31297
23125
5480
457
32399
32989
9937
1586
16946
8125
23650
19956
3980
35165
989
5700
36297
9778
7217
24541
28351
26313
32623
11467
19349
1392
30610
35652
16574
22799
28372
6987
17534
15097
13874
11771
26028
15268
6110
30051
6856
19315
28911
5482
21444
18245
27567
30192
10993
21279
17540
26423
2222
18115
4508
30285
17044
8783
24846
8224
26319
6186
32
7693
6484
7747
11489
17193
13302
9293
5056
4038
24751
110
11128
5544
19844
1386
14788
2364
2589
33528
12311
17836
8990
35925
20324
15700
15233
19961
32544
19604
4302
23877
27393
18906
9685
2183
25258
8134
23550
3616
1258
8023
4487
5007
20794
24290
14075
9589
4144
8404
24496
25793
21679
8958
11538
29304
12294
19517
11077
17367
31261
22238
16556
11320
18489
34466
30564
26452
31409
18613
35715
13252
17363
31096
18018
13351
9606
29481
9175
5352
7188
28746
3016
28291
18197
35230
33407
21278
855
33925
11586
20221
21543
27311
14850
397
29972
28503
446
7493
24582
23573
16117
13899
23202
8223
24969
25955
4212
34927
16680
26176
25138
4308
21119
29405
22388
8768
25800
17718
15323
27702
32007
263
24715
14006
9064
1403
2186
34236
3364
18497
33918
15895
20035
29822
1718
1452
20785
9943
2095
36226
1533
25090
21749
11262
29878
14601
14452
11293
6948
29620
9796
4619
18542
21064
21335
36136
31423
16912
28242
31969
24853
1022
25741
29884
26824
30424
31026
11690
20534
33214
24786
17780
33392
1419
2490
21610
18887
20786
25590
27893
24364
31727
27234
16953
33
35286
31780
672
9623
32445
33920
8852
6593
19880
30188
82
26274
25269
28255
19106
30665
4103
35092
26894
8947
21656
23676
28997
31663
26952
2801
2314
21794
26929
8381
8885
12811
26375
3825
23957
14615
32084
21296
3449
18124
11774
15870
10773
19049
35419
15887
2359
10720
2788
27262
20541
32825
19095
26410
33431
34068
31688
34429
12812
12020
33344
31747
26312
20413
5396
7349
6517
18194
31556
660
29365
27796
21957
28573
27168
20125
16688
28158
3343
22784
21823
28239
893
14706
34173
4673
974
24779
32387
6624
18870
29248
24014
18279
28594
34037
17863
10127
7752
34018
16492
30576
1787
29319
21859
523
6115
22506
19029
15954
6599
30482
17311
5348
123
27762
19364
3070
7423
18711
8253
7534
8599
24828
20422
24372
9431
1575
12076
3597
14914
32709
29920
9590
5205
32545
4320
31887
24842
9944
10282
20616
9156
35506
23423
13316
22585
36132
15939
32069
29848
22494
20670
15790
23807
33282
17447
29874
25487
8203
21711
3505
9255
9444
1854
4312
13500
10072
14245
29602
32327
30232
23266
7037
11139
36431
20778
18616
9919
26428
5060
34839
3334
21745
31598
5450
8081
30662
15368
8460
35667
29599
30774
3438
14807
12517
2128
8135
32579
2698
17039
36163
22066
7148
5040
10566
14101
7664
23703
6941
1613
6453
8751
13093
6266
34602
25053
9361
22597
36735
16605
5762
36065
7620
29771
35308
20711
10883
4805
11826
28609
