3430
3424
1311
5757
7788
1587
2410
8829
5485
5995
4427
7739
5476
3643
3399
1211
6936
7817
4465
1402
5739
4011
4363
2406
3750
2746
4462
4426
1788
1382
3174
5484
2833
6709
6762
1407
609
7545
8810
7516
3729
785
2220
7212
3779
1339
8475
2124
5655
1188
8657
876
5483
1376
4620
1389
5729
8565
7508
3403
4475
940
3344
2675
8556
7532
939
1824
6077
6188
2921
7891
6793
3428
1903
5495
3614
4019
382
8788
5884
1644
5662
3751
3831
6800
2416
4612
1337
5467
4015
1100
5100
808
4710
6866
5030
6471
5765
2711
7681
3754
4027
6665
9205
2297
6397
3402
1612
3391
1595
4669
2412
4260
5858
5592
7706
2090
4197
8562
5920
3447
3467
2385
6790
4029
6150
5763
3737
5435
7652
4731
2560
8779
4785
1651
2301
7244
3649
5475
1559
792
7650
2047
4977
7685
6765
5119
8398
4608
6682
8409
3693
3324
4189
2590
3759
6851
2447
7786
361
8171
1721
7570
5221
3431
5805
7959
3978
4769
6223
1356
5635
5497
1484
3243
365
7722
6421
2787
5585
7738
6599
3382
3067
957
3950
416
3685
2330
1292
2729
1442
5420
7766
3591
523
3587
647
8814
5803
4383
8566
515
2812
9078
5912
8732
1579
1345
8420
6448
3129
7821
1318
7093
6201
3724
3429
7653
6381
2086
8676
8037
5665
8706
5777
4648
7483
6699
1068
7541
7699
8534
1590
4349
2287
5470
4617
5850
2880
4444
3813
1260
3420
708
3246
3126
3400
5478
9195
6564
679
618
7866
5752
8486
7736
8004
5492
391
1312
3595
941
8952
2802
7521
4626
369
9031
7520
1567
1332
8129
3527
4166
3460
6775
3441
472
5428
1450
3124
4860
1380
6502
1422
7013
4446
1196
8601
5391
3916
484
8649
2778
5888
3094
5510
1294
1117
8710
5551
2268
707
7735
5834
6971
7627
4492
2555
3836
4456
5025
8564
5784
7025
7698
6388
300
1683
5178
1383
7086
5373
6134
702
398
5633
3951
4404
3165
3493
3599
663
4556
7611
8772
8865
2607
9085
6626
3450
2982
7101
5695
8360
9146
3584
1436
2567
5423
4354
5731
1509
6581
6418
3415
8557
1001
3593
7035
6205
1717
3645
6049
2286
4898
1953
1496
5681
5436
5413
5498
8443
2444
4442
3409
6453
3585
640
4863
1275
5799
4846
5793
2683
5238
4326
4031
9184
5577
7233
2662
7098
217
3622
8478
7368
7481
1085
7684
4391
5159
7079
936
1190
696
8483
3363
7443
6511
7201
1483
3427
1451
8204
7566
2731
3637
3899
7421
2339
5418
4202
6903
2865
3684
1715
5568
3190
4838
6133
1241
5295
3436
4822
2985
5895
4484
435
534
5044
2267
6514
8600
5463
5732
8181
8723
2427
8281
4680
5411
5405
6882
4637
7332
8870
892
4752
4632
9025
3912
1406
6822
5348
2745
3437
317
6518
5181
8571
7094
10
500
6484
3938
8544
2928
4716
8236
1964
8866
6813
6521
7110
7719
3078
1327
5455
1244
8580
619
7140
1108
4749
3766
6000
2942
6493
7740
6872
6712
5038
6880
1227
6013
5443
7441
1663
3317
6566
3509
356
5718
4627
8191
1234
3504
7882
2097
7464
1391
5916
8554
6579
1431
3367
4366
530
7889
392
5868
2353
7898
569
2380
713
5529
6450
8481
5091
1358
5804
4813
6074
8117
6907
2576
2223
3225
5798
2284
2413
4448
4375
2407
8504
764
1728
4670
5754
1083
7480
1849
2409
628
3339
4700
3374
2141
4766
65
4728
2703
4845
8503
3117
4717
1299
5542
3131
6486
1959
836
1388
1671
3496
2213
3857
6186
3702
1355
5861
1398
1664
8755
6810
2496
2452
8312
4569
7147
8811
8422
6161
3387
5402
7928
6169
2446
4417
6764
7423
7886
885
6470
6715
2835
1284
8947
2741
7405
190
544
2892
8764
9196
2276
875
4450
2616
3425
7466
463
4283
8387
8805
687
727
1809
1710
4775
7555
8644
3149
6062
8536
3844
3606
2440
1291
2403
5213
2717
5726
1078
1147
8717
4362
3904
7834
1519
6266
6463
4103
6219
5809
497
1549
7230
3709
7741
2
198
4473
6348
1279
8853
8567
5307
242
6574
7542
739
1421
622
2870
4895
6865
245
7578
513
3818
2127
4332
195
860
6396
610
942
3835
8760
6769
2584
3859
4495
4091
8539
4803
3957
2132
3488
1142
5472
2092
1058
7287
1816
177
2586
8270
5280
1799
7781
3053
4778
1713
8790
5775
990
5801
6084
240
3596
4153
2535
770
2979
2119
7827
3718
8396
6867
7083
4527
5489
5594
4591
9062
4777
4229
8447
4062
2439
5625
9190
3559
8538
3388
1847
6507
1600
8647
5747
13
1200
5959
2756
307
1622
4193
3573
8620
3617
7900
3949
6980
2906
135
1811
6721
2158
3876
5473
6774
93
8243
8178
8718
6320
5934
894
2924
8494
8824
3187
3002
3268
6009
2204
7315
7916
114
2531
9138
4536
7579
5854
4639
5212
9084
4539
6666
5548
6630
8547
6211
310
540
746
8750
5996
1720
556
7015
337
5191
1403
8585
8043
2239
9194
7328
1180
5077
6984
1443
7462
7564
2173
4967
2231
1910
3776
6373
3370
5673
5839
866
284
810
261
1960
2005
7023
2558
7437
1329
8404
4659
5658
3511
7605
6427
2435
6165
5294
7899
1504
4180
6806
8681
3395
2562
7996
3393
9016
6887
7948
8753
6127
906
1027
1641
3092
4663
1099
3530
604
2214
951
2857
7382
6560
8724
6070
8558
6724
2669
1556
4695
7460
4961
7828
8555
4765
5631
7196
1094
164
6500
255
8731
6501
8963
3620
7637
431
2422
6598
1302
7764
6374
5651
948
3371
6933
3369
8459
8001
8965
6622
4347
1794
7704
4540
489
9154
2329
5438
4246
6297
5199
8877
6164
3719
4827
5259
1907
1832
1999
5316
387
8370
1372
5518
3283
8250
8705
3700
1386
2976
650
4423
5560
418
268
5667
6894
3037
3631
54
335
5002
8888
2766
5818
9128
4457
686
6524
3874
2923
5311
419
176
4725
8837
7510
3500
3676
5243
5837
1899
4888
8253
8484
8923
787
6905
6916
2823
6956
3589
1052
1235
7779
3632
6196
689
2051
4107
3734
4188
7088
5734
3993
7418
3537
1115
8572
8292
4579
6299
4148
4167
1172
4212
2598
7349
7797
3919
1032
6753
8575
7690
5674
1742
5477
2724
5236
7607
4673
7893
5401
847
8256
3383
2578
402
5350
917
2704
3615
8429
4634
4859
280
2129
3602
8490
5521
8331
2864
7220
6631
5997
5659
560
8527
2309
8442
8295
4645
7942
2202
5503
6321
4524
4974
5781
3661
4798
1277
745
4493
3598
7752
757
3517
3625
2583
1113
1095
318
1371
3022
4458
3902
1471
8254
2483
5797
28
7934
1458
2025
559
1429
6869
950
4815
1894
3825
9163
5789
7547
2041
4555
693
8257
7561
2834
694
8173
1441
4076
8293
7528
449
7252
3731
5605
3222
8875
7455
4378
2024
258
7745
8471
7504
288
7149
5817
5456
2769
5452
5081
405
8342
5558
3507
9170
6965
524
8834
3703
8641
8397
52
2574
614
8109
5744
8843
1269
7476
4145
893
7123
1338
9199
774
7979
5683
412
3455
9192
1558
502
6839
8517
2883
4658
4400
2429
2757
612
4807
4247
5337
2691
6349
783
4353
2319
7849
5144
8524
6272
9006
1841
210
6262
3307
1411
5755
6909
3691
6781
4578
3721
3815
1978
7909
1860
3821
1507
1434
6447
4440
1732
2733
9076
7925
1215
3468
1823
238
6417
7129
8255
5515
196
5290
874
665
3433
7210
1901
5045
7473
7562
6108
3373
6474
1583
4220
5603
113
4924
3575
2400
2614
84
4575
1470
7199
1623
3678
3605
1035
1399
6442
5721
6568
2390
2109
8608
7967
8054
4503
589
8436
976
7339
6752
188
7689
6576
2318
3242
2950
8890
5260
2966
8349
935
2362
7047
8677
7850
4554
1885
2338
5378
7628
3379
4887
1129
4410
6176
2553
2034
5624
4171
7750
4735
9048
4303
3442
7963
3939
3356
1687
5696
1610
8743
4438
6455
6830
6621
5313
5468
4115
3445
3588
7716
4269
2804
362
7490
4517
109
706
8855
6221
373
5453
6835
7820
7858
2604
7791
5867
631
6546
800
8911
8042
6603
8749
4535
9189
3975
3360
5703
8028
4672
2571
423
1154
8742
8179
8186
7958
4253
7471
471
1741
873
5026
8612
3463
4718
1084
6670
8817
5087
3594
6794
5607
2027
8364
2363
795
7841
8722
8153
2780
8884
3062
6803
364
4655
1573
5458
6301
6315
8496
3802
4740
5161
7422
2283
3943
2324
5564
6005
1703
5017
633
6642
1588
6314
2150
474
7918
5464
475
8047
1571
7148
7910
678
2028
2084
2430
1961
2399
5849
1963
3745
2126
5978
8828
1296
2654
3108
8330
1208
4542
3012
2473
286
3139
2818
1197
2538
5942
7246
4483
2930
3736
6146
1012
5245
5807
8652
7261
7512
2015
8891
5537
3040
8269
6405
3168
4320
4981
499
4570
5380
6654
7723
4864
8333
3405
9149
3254
3006
2799
4419
6714
4971
239
4912
3954
5219
6826
5553
4643
6991
2606
3
695
8751
8819
4998
8532
437
3084
5700
6
5188
5201
5486
2449
1009
4734
8424
7215
2396
3705
7243
6892
5469
1552
7543
5285
2707
6901
8759
5595
3051
3814
6495
6787
7563
2419
3355
349
1319
1066
812
4055
2754
636
8343
592
4051
7617
8655
5874
6478
6041
2672
3353
2352
6704
549
823
3728
8576
8413
2426
7575
1995
987
6757
724
1281
2563
9210
2634
7484
983
5827
1760
1310
4487
674
8898
7901
4760
1765
4528
4498
8590
5971
2587
7021
2690
6290
5054
598
4956
3948
1472
6913
8365
4870
9206
8353
1132
4745
8147
3269
566
1804
1536
8505
8308
8823
6963
2595
8523
7755
8674
6585
2361
828
2194
7715
7587
4302
5108
3862
7154
7675
6480
5284
5457
3513
6613
6795
4290
2932
542
6279
1833
5761
3215
5331
8107
5748
5814
8975
2547
2623
4733
8661
7682
8708
7135
8813
861
5325
3582
4002
7327
8487
1756
4292
5773
3497
7960
6092
4596
3359
2082
4348
63
2494
2011
4221
7472
6932
3341
5887
3333
527
8087
857
4127
2408
3309
411
7864
691
5409
6641
6409
821
3932
5612
6629
6230
7362
8446
7995
4134
1876
8341
1121
1592
1531
3535
291
7456
1320
1452
18
858
57
9152
1482
7091
3574
2131
4901
6948
8130
3543
6900
4705
2575
3616
3726
1891
6893
5575
2620
2772
241
7494
5649
4960
8040
7592
5960
6481
1635
4243
5656
2829
4285
5092
2169
8358
6204
7270
4729
4411
6717
277
5157
1680
4106
9132
8474
3730
4317
7352
5039
4773
4097
4919
441
4589
3701
3449
7776
2043
5677
7639
4422
5376
7988
160
6336
7546
6355
2438
3639
2299
3207
2855
3338
1139
2887
4138
8006
4065
29
7730
9111
68
5890
8350
368
1336
8528
5688
880
45
5398
3906
2599
1543
2163
5479
9035
3909
7320
1594
3761
3820
3270
3154
5707
6454
1852
6782
3470
1290
2081
1428
1533
8451
2622
6002
2434
8099
5036
2898
7807
3940
701
1400
1831
7852
4429
6874
8472
8084
4249
7576
5262
8263
6698
5829
4738
8537
4368
1698
1224
8362
8405
272
6234
7038
4741
8431
8767
4893
1487
954
3173
4530
7260
205
844
100
924
4853
8656
1462
6527
2298
2303
7961
4552
1874
6950
6207
6825
218
3471
6254
4020
7796
8762
388
1758
1170
6988
2273
1696
8569
8056
7044
3646
7770
6438
519
5209
7623
1198
2581
3229
8812
7200
5375
7241
7126
4587
7187
2020
2253
2610
3010
2183
5759
7582
8551
1714
7459
6960
6357
3440
2702
8815
8531
1916
8506
285
2262
8106
8296
7028
1830
283
7090
4692
6451
5666
6886
4759
7973
5487
835
3212
5266
6235
3345
6458
2454
8108
1063
639
6371
3480
6650
4340
611
8164
2846
1037
5963
2520
8473
7209
429
1116
6400
8159
3104
793
4616
5140
1463
2915
644
299
2467
2900
8229
3398
2740
8598
1585
7500
1649
8146
6812
3607
3757
2336
5182
1576
8970
872
1433
5488
2059
102
7577
328
8395
1926
8653
6426
9008
6854
8339
2472
2099
5288
6688
6402
3869
6697
5764
3789
755
3148
9120
1807
6467
4059
4390
4371
3121
4101
7644
6351
1370
3252
3891
5736
1898
5717
4296
5883
3354
6498
2771
6703
7448
7291
7133
565
4251
3758
623
1405
5163
8806
3233
7851
6694
8363
5682
1614
5562
1577
7769
3481
3892
6959
772
6915
6181
2074
5190
3871
1109
685
1375
5639
1731
3065
4600
9032
6663
7105
4707
8943
4443
507
6722
421
852
7700
4631
4544
6407
1532
6294
1851
4038
4341
7444
4014
2588
8438
2375
1743
2628
4402
3282
6655
5241
8782
4257
1636
4732
1073
2411
2263
5999
3114
5127
4369
7551
8411
9038
5217
3255
1779
7931
1264
5880
3774
8630
1410
3550
3936
3608
6445
6718
5930
6713
6732
7987
5994
3961
49
8862
3525
3214
4421
6021
7290
1562
5080
2070
432
4501
8967
1459
1390
8121
730
3930
278
6422
4477
5149
6561
8727
3528
6416
7887
425
8971
4071
1510
2394
8414
2170
7552
5678
8007
5165
3804
7445
4722
4744
2306
7819
6778
1674
5131
7809
4372
6636
376
6580
6553
1546
3396
2659
6550
4267
6462
5741
8622
955
7325
5106
3888
8597
2334
616
7673
6048
8917
928
7970
4928
7355
4396
6967
4683
2125
3011
7533
4685
3576
3682
8057
8774
4222
8225
6556
4407
4647
2112
7721
6768
7712
2611
7917
7257
4630
1750
9153
2844
6473
2738
1449
7600
2103
6656
2369
5309
3061
6919
4538
6022
4625
3434
9150
7245
3549
8432
1870
8265
4715
4428
2907
6606
7540
5421
4666
295
8937
6549
2245
4334
4395
2523
6267
4041
2737
5499
8683
9212
4896
5447
8239
417
3027
3619
490
6569
4488
8458
3670
7954
2689
9050
7344
7806
4379
5534
4128
8366
966
1079
1199
5501
2178
8953
2681
2195
9029
4468
4000
630
4520
5109
4557
5086
2705
2160
127
6802
7816
8144
5923
4182
6415
2838
4618
4359
7347
6584
7
9057
7832
8606
7298
6008
7267
8299
8346
8861
767
3634
660
6053
5545
2888
327
6638
1415
5661
6259
3516
3302
6567
4021
323
5826
3884
2854
36
1855
2986
5691
8275
2471
156
2486
1351
5875
3510
2744
3074
723
4599
8258
840
7238
6928
5049
2810
8277
3846
8553
4915
4122
4139
2312
5668
3151
6796
6592
61
6056
3905
6439
8616
6974
4840
3772
2468
4820
6449
7167
8899
2643
3443
8691
6275
219
7319
8988
3563
1349
3927
8638
3812
7686
670
8394
7369
6643
393
5872
7120
6755
1740
6659
3922
5377
8002
8210
5846
3109
2138
2687
8376
9100
8863
3438
4518
1806
33
3198
2730
3706
6226
714
9067
1547
4040
8651
7782
208
1362
5220
8012
6759
1217
7375
6140
5204
635
4832
2391
3272
4890
3628
3342
9026
1419
6487
8322
781
9139
3110
6109
3178
5987
3422
3033
7389
348
6344
9108
2526
8628
8329
1412
461
6754
2678
3586
395
7737
2507
2294
7163
7658
2210
5970
1360
6997
5611
3376
5389
3328
9203
3579
5958
5462
8125
517
1693
8110
331
9066
7524
722
4345
2570
2029
2686
2727
8334
9164
8826
8758
8740
78
4951
3189
6861
101
8680
7380
87
7872
4553
1699
4163
2376
7283
5766
5270
2164
7373
4889
6380
44
1057
3725
7276
181
249
2398
1161
189
4057
6305
8470
8497
3790
8169
2858
2524
6657
216
6738
6001
719
5050
3963
1883
5417
3994
448
4823
8752
6908
891
2682
8491
9105
1582
8997
8386
3313
5891
526
2715
4455
5286
8124
6881
5622
2182
8434
1611
4299
1213
3133
6926
6964
1274
588
4819
1000
2552
1633
2557
6763
9030
2934
8476
5601
3911
1343
7192
3526
922
8721
1498
5629
8892
535
1506
97
2825
5339
5450
4068
410
684
8457
4927
7567
3419
882
170
1515
7285
2817
5796
2603
3394
4723
1667
843
6677
8954
8639
2110
8658
6170
6004
1353
6751
9158
2926
7780
5976
2653
8427
653
2673
5267
8610
446
493
3732
3971
2987
4157
5183
6583
8542
5185
6242
1684
3910
7920
6552
8931
849
6046
5910
5434
8273
2856
7310
3412
2060
7018
8170
676
330
3004
5740
3213
5429
2895
3484
3203
2250
4234
7431
6551
2697
2784
2699
1697
2313
3401
7709
4248
2347
2670
1905
1967
7746
5385
1941
736
8428
5494
4550
7692
5439
7674
2271
1917
5841
378
5154
7134
6615
2871
5882
8302
5637
1843
5843
6238
6287
6773
8624
3041
7204
6276
3075
3797
3071
4704
7759
6206
3107
2421
2694
1250
4747
6195
7419
4169
6899
8545
907
4609
3416
4984
1135
2093
2495
5771
3097
3704
6954
5138
3275
7503
5068
2522
904
6440
7749
4301
8794
2001
1282
1705
3964
4387
2537
4607
2929
2167
5356
4568
1643
7710
2765
6652
537
5889
4330
4461
8512
2116
2821
9020
5226
5641
6387
947
2479
2464
4150
6408
5955
8321
3942
2260
6281
8635
6028
5530
4121
5943
2457
8704
3787
8519
7399
7957
85
7853
4576
6328
6295
8878
1952
5170
1818
2695
6401
2747
2658
2277
7231
6099
213
2789
732
8000
5096
4761
6433
7914
4279
1914
6339
5040
5953
8046
9126
8802
603
6516
7678
7198
6095
5101
7824
7112
5210
4737
8298
4376
3169
1497
4793
1937
8979
4214
7383
180
6446
3648
2630
762
1003
625
1822
5082
7179
2762
2371
77
4046
4790
1174
2767
5570
262
7470
3088
5644
4768
2809
504
4572
8151
4250
4415
5819
3552
4862
1126
7157
6695
7268
3991
2612
4780
4847
6897
3245
7336
3452
8584
7226
2314
4329
8167
6847
6785
4307
5933
8679
3985
2940
289
690
8769
2551
7720
2742
2791
2232
8882
2593
2351
4236
8456
4874
4908
1088
4025
7145
5965
3453
5914
5352
6076
3570
1272
3218
4610
5019
768
7962
8905
996
17
301
1537
8744
1141
8703
8039
371
1041
3523
2931
6745
4077
2899
86
8886
3035
7991
2739
6728
1261
187
7805
211
8410
