34435
1077
23029
7562
5173
7290
34377
33366
9999
25651
1792
26998
19644
53
36727
9847
15047
8576
24073
10447
25635
9740
10292
23081
10421
2205
14087
6287
12686
9510
30586
16471
9933
7792
2865
28044
23428
4917
34033
10295
29192
6325
29629
20661
2734
30242
10383
33203
25096
33984
11914
5630
10300
11594
36027
27791
36289
4480
34939
27328
973
25315
15022
1136
3194
28145
35565
32694
25053
14315
25088
9176
36529
3911
15425
133
1140
26416
27878
7751
9923
6222
36713
11826
27191
36346
4541
24905
30264
12400
30919
27336
36338
33845
15099
18613
35710
22714
6088
10608
35207
13347
8667
389
23341
15433
3847
30422
22651
15495
16190
25027
11780
10931
26167
23480
17702
34877
8887
6536
27201
4172
13388
9219
5178
14001
33731
27380
27765
26994
6580
26218
36349
1713
27148
1084
35587
28578
1525
19632
11847
15092
30724
5170
26615
3505
6581
32726
21431
8157
6769
27953
35120
9008
13431
24518
21078
25804
12448
19981
11585
15536
26229
4915
24202
25790
11213
13879
35618
22279
11658
26634
34931
26028
34555
1397
33385
34894
21832
29511
35387
21798
32399
3907
15476
2871
34382
32678
776
29749
2239
9989
12084
11599
33226
34857
1812
21780
2807
7116
33487
16512
34801
36790
26423
6301
27896
9890
22396
31611
30254
8373
14449
6981
1799
6871
25103
12855
28367
26430
151
9223
24469
19358
22439
31315
26605
5117
1914
34574
3910
1849
964
1992
2106
32588
32152
20424
1851
30872
36641
3947
4872
21225
3902
18033
6330
2126
24097
12080
10994
3975
26017
24246
12460
3853
10676
541
22389
27673
17075
23742
30882
3351
32673
3962
9541
15668
20567
31298
112
13450
29746
15052
34083
31411
119
11080
2645
17377
18480
34104
32463
9154
26617
32140
17027
25384
14854
18815
21712
3213
6594
27384
8183
29731
33930
15046
22452
19712
789
10741
10108
28545
23495
32027
1100
1031
9079
11529
1545
32465
5735
5837
33270
1204
14710
9475
4599
24501
2183
10736
34843
34367
7600
1589
9161
1011
7464
34360
25206
34617
27726
394
10112
13027
506
1026
28753
26601
34882
8880
33973
2813
29922
13288
24657
34691
30587
27963
3380
1329
6727
18105
11829
31941
25207
17203
1014
25667
5327
14148
11469
35937
23454
27639
31572
25269
31920
34081
5745
32808
8504
11058
8168
29115
13948
22201
40
9296
35913
31676
827
505
584
35470
27904
35369
435
14094
10427
32631
31291
13248
6558
34996
16169
16024
3188
25603
31900
22594
16923
14185
9275
26823
28411
29978
2306
6058
5485
19189
21505
23316
26331
36657
27976
22856
28303
12416
9433
19384
32506
628
35076
25872
8831
1726
20854
5238
26455
14088
15457
9542
30701
12534
5446
35848
15626
8439
14903
14966
18728
30127
20218
32836
33384
1607
9158
1848
8268
29363
34757
14202
4072
27503
17946
2812
34429
9568
2440
26077
35655
24121
34110
30747
33148
24077
26291
28980
9537
396
3725
11833
24071
8561
15756
16821
19183
36359
2027
16542
25952
9168
33029
5223
18959
16255
2041
7512
13313
13443
35199
9831
11784
29747
25655
6664
12831
12935
22843
15306
28940
11474
9286
12848
11028
31344
20001
17736
10290
33847
199
15986
33403
33532
9456
26426
29065
10428
13261
12658
6281
13481
24760
24947
11434
8822
35045
32250
13935
4597
4615
17999
11887
22079
31873
20557
27252
4807
9492
35265
22326
3715
2549
22406
6659
9972
6309
8509
31424
26566
24745
25186
14086
20025
24596
34767
1615
12461
7791
216
8037
16368
2136
23179
35515
7368
27018
18913
12308
21310
30479
10888
13677
33807
12341
20438
24653
28056
33123
15501
34471
27215
20106
33664
3456
26853
8903
26371
34657
4215
28612
35957
15484
36227
18459
12207
10694
1609
20150
36475
31748
28543
13464
132
32811
30124
29234
26807
20491
35505
17923
7094
21301
15219
10134
26845
625
15777
14711
9287
12357
20548
34459
36400
21785
21197
8908
26627
26625
11015
22555
24001
5904
33477
32614
5503
25089
19786
35853
23044
35819
13319
1025
22580
21126
9058
8960
10101
2193
25278
30647
26989
30662
20298
7095
32433
2161
23436
33645
12916
2228
12074
6901
6989
35189
15171
28288
33800
144
6681
30493
9143
25923
29365
9091
31742
1814
1150
24560
12253
14139
16175
11125
3519
29569
4983
13420
14329
32466
28982
7882
21448
11928
36330
30019
35065
26930
18374
10613
13032
30857
35138
11069
17344
34951
13876
35716
28823
2692
10748
19379
27142
8274
17911
20699
33210
12234
9295
10892
25902
34518
21111
27825
34831
698
22718
821
10399
26382
36661
28560
34166
471
30729
24884
34812
32848
1027
35267
14516
18554
9224
28128
1093
22881
10328
29889
23873
10255
10395
19388
25943
20815
11386
36296
4656
13448
7111
17773
2767
29491
7657
33090
32500
4608
25193
27887
35343
18828
27580
35838
24558
25283
15246
18312
6324
25614
16782
32879
24372
11696
2209
13373
9570
15330
26188
11092
26383
28431
12034
31172
32437
12167
30960
11627
32674
21941
20638
33504
25991
12983
25472
23252
1436
21858
27334
36646
31992
14501
36052
9715
9987
25889
9843
24445
6351
19542
34674
28630
440
897
25024
28387
36092
22671
12513
5705
7205
13669
20351
16143
9627
33352
2234
35496
172
18868
5353
25634
10997
19776
27931
1236
31074
13657
30473
36011
12898
12328
7378
32650
10171
36297
35592
36741
3171
20797
26133
10617
15045
18046
5885
13572
27121
22727
13363
32000
25783
16829
20577
28796
17789
23400
36118
12872
25578
7602
24086
13112
34827
12880
29862
19505
25227
12164
1530
13179
32051
13265
10848
20456
16087
20853
20171
8624
14913
24715
27400
30194
24691
34468
7737
26629
5891
21841
15048
22638
15130
6832
2025
10234
29371
11706
20788
32396
21507
13752
15128
29227
18946
23579
27126
16260
14500
22765
34576
9412
17966
31894
14415
18594
20605
2570
3387
36849
27211
13827
27840
1201
22392
6760
34873
34910
30173
20681
14632
30568
25208
21362
29326
17341
33833
29902
34089
30781
29988
21952
7427
13602
14725
36792
4894
5879
3894
2775
7883
10969
24960
2950
5069
15274
21255
25794
30258
25082
6335
28297
1743
34273
29484
21635
29045
19179
15419
25738
16226
24974
34532
11657
7752
27956
29310
14541
26185
13764
35660
15863
25395
22377
27926
1112
24753
20445
36421
29752
3392
1734
18762
27051
32131
18948
16050
185
30789
13365
9560
10484
24439
33732
15112
30071
21169
11053
14732
25608
17335
32946
12788
27845
8816
32162
20532
34264
15417
6145
8655
25665
29952
24685
9703
31931
33932
31405
27345
2045
2221
11737
26280
18576
12986
22911
32022
2860
20492
33506
9477
32688
26596
5253
6899
24899
5388
21745
30690
26161
27219
34609
31093
35250
21867
1091
28291
135
24645
14650
28671
15303
17458
26789
35336
33028
24297
23106
36316
35919
12480
5751
23192
16647
32934
2569
1791
3784
36230
23104
36323
6303
184
17762
4562
36276
36806
12723
9934
33095
4030
12874
4965
29089
441
7096
17689
28046
8615
23359
4912
23915
27591
32311
31227
13744
24839
34820
13562
26883
35047
12931
7592
1006
8552
7479
31488
29494
1665
2810
23027
3072
21548
14988
31904
31422
7436
1829
15081
3887
26926
16458
35425
24214
34440
11898
18654
13941
32274
15190
5175
23500
22979
896
166
239
6300
9926
14201
27652
25259
30569
34261
24709
36012
36513
23180
786
9462
9567
7870
14327
4535
17988
1023
6264
6652
10104
12760
30536
24710
29530
5797
5451
24491
5033
36013
24315
13115
24256
4835
1175
13726
32604
8119
14774
22709
29624
12432
31984
31881
8307
2162
17880
6170
5895
6830
26953
24119
30001
26872
3402
804
13403
30577
29493
36605
24191
12808
16844
27379
18055
24579
31949
25390
3124
21054
24366
25152
33185
22210
31050
2733
20918
27181
12913
27658
18566
29113
23804
6792
10125
36787
34431
29709
25964
19968
8499
26954
8279
16758
36769
30087
35469
26427
24353
2631
3353
33558
2352
35015
27101
29596
4992
13634
32201
14720
32523
19528
24808
34496
24636
24922
3050
28360
3703
2029
15508
12784
11785
29636
22774
11491
34875
35885
15095
12992
34911
9257
6194
31438
5410
26688
31806
29433
16068
30735
19465
2044
3151
2089
35297
25657
6497
1021
32889
16634
1336
25766
16343
26805
31003
28335
9341
10212
32567
26620
2893
14050
36404
4621
11985
15292
24663
30360
5326
17876
20142
6962
6903
22683
9659
17793
256
504
19975
16719
11646
29052
1314
33595
12975
1514
2959
30281
30865
26458
508
30671
10114
18191
31542
26756
5058
21889
21161
27650
11802
31292
13
2423
15365
29307
21367
4919
6512
27808
24321
17223
20355
12962
2664
21627
27608
35528
33786
13896
14285
4784
27093
512
4144
3174
2804
14343
22482
4946
28603
190
1693
18298
23034
103
24993
23728
13700
8092
14468
18423
7483
14813
26763
23285
33098
33
17697
7488
33076
6667
17041
9357
15529
31413
3206
16544
35002
16278
15731
1912
33287
976
21546
8087
32891
7680
12897
21558
16149
34494
7448
27689
14
482
33337
18624
33828
20225
1491
11870
4782
35420
24543
17849
3386
34947
14528
31106
34612
17099
24006
18816
33332
23303
8405
650
5945
7447
3890
11570
16650
30956
12128
4550
17507
9415
24898
17508
31861
25458
35329
34226
33080
21464
19977
27185
15700
6916
21216
12225
28109
30150
3282
35480
36481
18574
25731
6332
14943
22962
20325
30263
11635
16959
2558
17919
16414
24330
2755
21981
7050
28403
32622
32049
17370
25294
16573
18575
5102
16134
12201
35829
131
10800
18455
4753
13113
22041
11314
10222
26146
10285
10706
7798
10303
13425
2432
6038
30409
5910
5464
569
18156
10773
13184
18700
5872
5830
13601
14076
9182
18958
10828
10614
11718
17123
13892
4301
6615
33480
20575
30953
31155
6130
25541
1596
33111
24255
36811
24453
22324
18426
21829
14932
29661
22094
33062
28984
36015
21703
22599
31841
3281
6106
31125
15073
9013
34372
14919
18293
21059
661
16744
30784
2669
1127
1762
2070
26388
8986
31743
19521
1539
30669
19040
15390
26548
7725
33314
34479
28233
26499
6607
1135
3150
252
35323
24482
23794
13671
11024
9449
20791
33070
32142
24151
23009
28594
30949
3825
22832
1790
29955
25415
19499
30692
887
26506
34480
26490
28801
6142
35086
4374
15000
35291
1765
407
1210
26484
15452
8838
26457
15149
12214
10311
10301
22576
14852
33725
15477
35970
31631
35596
36520
35600
36292
27106
14014
20452
2068
5180
6402
30237
27317
7801
11528
5100
10103
2940
16118
28765
11962
30339
7799
22078
21695
10636
10937
8546
34601
21360
219
14010
994
11087
6204
20980
24844
3143
27654
22958
16904
1526
12039
26058
22081
17982
29853
32394
10172
5396
9833
31892
6954
14058
351
10078
1197
12765
7495
5876
24
32944
24908
4891
4722
19578
13850
17615
13584
21976
12238
3131
4023
33467
7412
34959
35793
36604
9490
28992
32961
6266
29315
14399
31879
6137
9310
5007
31780
16187
24927
20010
13693
16014
28334
14098
11158
21175
5909
30484
32241
29784
12179
14320
13819
15514
35947
13465
5541
5532
14481
13502
31238
5275
4684
4539
31932
26041
2780
33155
16837
2536
7385
24216
8998
25093
36506
32442
25679
36079
10132
2829
26435
15025
25658
18354
2459
34366
23282
14705
26929
881
32136
26573
35702
20566
31201
12354
10384
11324
4096
32592
27382
5297
4883
35960
21184
28433
28613
14194
28508
19910
10887
7802
32849
33340
34404
1015
8101
554
34528
36393
16074
20938
9468
21963
32653
30436
10258
20144
36562
3809
9615
20400
9902
11495
11481
9212
24756
1115
2032
36659
21562
18596
7289
14860
27883
19715
30459
31989
29796
22987
2581
7291
6193
23215
8944
34290
8630
31760
25274
32449
33198
10264
18482
33728
13105
30081
12340
34488
11815
26439
29212
21122
26683
10688
26358
36034
33216
24541
26584
800
8020
11012
24112
33275
8138
31759
10755
21696
6
31023
36777
31970
30538
29129
2433
26687
3265
13498
33485
25329
6602
2690
27096
25585
22194
31141
16077
29009
31434
35703
7982
539
34355
34537
2739
17139
36394
7866
32953
96
19062
36789
392
19758
32805
11542
21341
20886
16176
12335
22998
15585
8076
26337
3466
34223
9445
17545
30289
15367
18968
33749
29888
23624
5294
33795
35790
26048
11005
24338
32845
27129
9139
8349
11964
31646
1863
34897
23305
11516
30048
27938
28341
2185
30531
9906
14031
9665
1283
32970
36199
5337
23312
30777
10753
29420
33285
34900
12770
18231
15421
6835
1192
27911
19864
31939
36016
11782
31875
12579
3443
14115
2579
2049
28562
12454
26535
25534
225
7691
31348
18729
16203
17347
20230
31609
19639
2898
20188
10555
1364
4074
11317
18252
35987
15336
10320
25218
20579
33414
21473
10761
25639
21816
19049
2462
8129
22403
181
10405
13959
17799
33175
13251
34744
5344
11763
14283
21540
33543
11838
27008
6593
17603
14647
35897
36000
3069
20097
34292
27806
33081
11760
370
23740
8301
28276
24683
1846
6208
24879
6114
27307
14020
7990
2676
6008
35410
36694
3796
12181
6728
28764
16682
36524
12540
26546
24670
32841
13304
27644
17766
36614
35220
24399
2696
25854
4775
15665
18985
16356
2563
25671
31156
14599
12939
25168
9793
3471
36402
1504
12857
33999
31817
2816
17684
6192
1290
787
33983
1086
11852
25144
16336
14953
27401
27528
6784
16498
16528
36448
33910
25199
18943
13384
27804
28966
24747
16069
1248
25239
13552
10985
30322
13209
27364
3448
5827
22919
5371
28573
6016
25920
6040
22336
33863
8943
4394
18062
15485
15339
36656
7456
1076
25076
31732
27577
6617
28665
34338
28412
23417
3461
34070
20055
22685
35855
12423
12264
30962
11967
31584
23299
25344
13324
17970
1047
15945
13483
35497
20655
17462
22097
26081
5644
34830
9804
15208
21808
1524
35507
1439
6043
11921
1750
13518
21231
11008
4343
31831
3288
14862
25321
35643
33949
7228
25897
21345
27162
36858
4005
28328
30283
14617
27391
6308
11969
19468
6898
2969
3620
30980
19983
20651
24032
14544
11352
15403
13358
28815
5715
10763
15624
10713
27955
27111
22135
12210
2825
28346
22069
24076
14478
2948
31430
24915
24885
35501
16598
17029
33763
15616
21711
13711
34161
35412
3289
22604
32598
6185
1924
25859
33775
22679
31166
21826
12719
4923
2355
12674
34418
15199
20831
33225
26190
7601
35782
5225
350
21217
24449
9466
23659
5831
33653
8704
25293
20958
23273
13314
34183
4897
156
811
27717
28420
27248
10690
10361
23011
23933
1821
3077
33779
10142
8637
20212
5490
2947
3499
17885
35190
10344
130
28369
31811
32253
19276
17
21953
10726
1620
31247
29135
12026
14674
14538
23547
24994
34786
1003
2718
29139
35780
24550
2785
10583
21491
17833
30117
5986
15712
14043
21379
29027
327
19768
32034
20476
26609
19928
28074
4566
29966
22066
33743
10644
11101
13771
35326
36025
13578
9725
27256
8080
15100
15499
9547
34611
4408
20269
35961
11722
27903
14845
4808
8996
13092
25407
7409
11241
13435
22252
19873
23330
11950
5612
23054
25576
32145
6961
26350
16342
15277
28533
15021
34381
36064
26651
36762
18801
10164
34634
11419
35327
35623
147
24042
35069
19944
22342
10947
20734
8904
10179
30193
29755
19053
24614
23176
960
943
4240
35149
19120
25863
25214
14772
11552
32534
30314
11256
13150
32640
35734
35534
10867
9273
25656
4913
36432
5849
21766
11301
21160
17162
32717
17579
32430
28491
27451
18990
5710
25753
6080
2999
30165
34048
12422
20169
19817
20039
8522
17842
24265
13679
31363
14595
25251
3115
30641
14332
23125
13218
34319
35901
26814
18390
15546
13231
29483
13632
33518
17610
31197
26285
8006
34040
17947
9612
25421
25011
29369
6202
7978
18840
20744
9400
12474
10294
29819
31907
10318
6816
36603
13364
6951
22260
13670
29701
13424
36693
7352
15613
32227
16594
19530
21522
222
34781
24460
33629
32896
29249
36030
22624
28022
15360
15732
11803
30371
23351
28149
11888
27076
3855
33900
6223
33094
8251
16768
32173
29099
28999
3070
29762
22614
2087
32391
30705
875
24766
14235
17829
7498
33432
6252
20907
7544
18198
5561
12137
4556
15992
7162
26983
17208
14109
29776
3463
30858
2478
28664
28752
3968
2764
6583
12109
8033
23840
28579
25892
7615
2074
32483
817
11818
6979
15216
10903
9423
4851
9905
28067
24634
35229
12794
5473
1085
14882
1079
27418
26325
1913
2786
18837
7830
26934
26622
3786
17214
5208
29802
9848
28065
8097
33551
26168
25442
24145
26046
28623
6855
24749
33204
5946
34885
4312
24267
12176
17780
34623
25659
12045
11700
21097
15694
30365
27151
35468
33106
26885
30510
18622
8064
9022
29995
23308
26207
1300
36736
20540
22067
30308
20529
22642
11727
28904
20564
4900
1138
13737
32329
30635
35238
34641
21618
11770
32980
157
3946
12978
28695
15603
36754
5902
36798
342
18891
6470
30373
12346
3001
25378
15755
15590
5061
31444
5719
164
7777
35196
28611
7454
28080
24421
28799
8001
16908
23368
7065
29947
25388
12835
24946
2956
9647
28726
15409
20558
3187
3880
22192
17094
19398
31225
10314
9591
8569
34622
21770
29149
36218
31480
17468
27055
32867
15817
24050
10251
10756
29696
28496
26999
26021
2629
22567
1466
18713
15236
11144
9671
22089
17316
25341
1614
18351
30668
34992
23139
24079
22729
9975
13298
34333
4766
23130
32909
6529
14384
31495
25975
19265
21321
2700
26694
17721
27737
21824
3226
28879
9532
4447
20653
34551
27966
9645
28386
3257
21323
13699
30494
27028
35651
22602
34246
3924
3755
18867
5531
32587
10355
21557
7582
35459
21113
29964
13903
33729
18630
7856
17713
32884
4104
5141
12160
34330
19431
5055
18597
29357
29900
9638
36779
35844
22329
9927
6662
25116
31171
35540
16199
20500
21895
8246
6052
6925
11477
12337
22246
34018
17039
36026
18795
20924
9520
7319
24375
250
9228
36141
20021
27713
8099
21079
10762
28758
12161
15679
2000
34727
4648
7638
118
20743
27217
3990
27546
21229
17466
3399
24467
6980
19119
4211
6317
1868
4243
30574
24765
8500
34523
28290
31352
30710
26038
7511
32224
8869
31374
27207
31343
14886
5870
34251
4768
30717
2866
29378
11018
13346
982
30588
31014
23690
28477
28073
14053
15564
4665
9218
19159
23550
2214
23557
12044
22120
8191
4003
17006
28035
27405
1231
26909
9536
12133
3015
30918
4214
36207
12605
30930
24514
15379
5447
25347
33512
1837
9096
4976
30088
697
19764
1455
14830
30775
34318
21461
2921
16657
10696
10167
20798
14341
17101
23367
27062
31547
32952
15789
27646
11326
4173
9687
4106
11698
26436
3698
33463
20180
937
12981
25273
11183
16516
3332
9035
23793
17706
20573
17065
34734
25495
19395
10423
2632
2497
34216
10025
28911
28370
35294
17867
17480
34074
19782
5908
33136
14829
3331
