21774
17678
5659
34188
30092
5811
13582
28310
18217
17132
16415
11740
5519
17813
3548
31286
13036
31281
27158
35382
35392
10453
13157
31207
28937
25996
32406
17253
26182
23449
31254
35350
11098
5929
9615
12465
28849
22997
5846
6546
3699
21228
34727
18222
29856
8576
30062
27190
22313
9942
7795
33898
5543
30634
31018
6449
18599
6687
10404
6708
26922
6205
4480
2646
11011
6742
5476
6357
2942
22687
29108
1423
23094
1447
30278
30276
27035
10499
5029
17519
17500
10663
6695
18771
28965
21596
6134
27451
384
933
21909
2325
1563
32378
24753
26346
15064
19023
10407
9639
19448
6421
30520
17926
22867
10341
14797
29687
7002
18901
6915
21838
36352
15836
17947
18893
19353
34062
16096
11040
2230
14805
12319
26592
35114
28282
22250
36269
10548
10230
30490
35303
30442
7644
6029
27144
34372
5809
31296
31007
9905
2353
18998
2307
31523
10366
25347
10018
30631
27611
34586
10987
34158
18089
10791
33132
34033
34538
25420
24250
33952
5563
33860
22893
18142
3550
32945
23831
19246
30585
18594
29764
7049
31641
31171
21927
18154
30430
35384
1035
15117
29444
25941
19934
16649
33204
25591
9572
6245
3481
4965
10642
32272
5469
7963
28288
29937
6483
11970
31593
14126
23386
14046
28444
34616
14486
15110
2305
22022
25966
24869
19050
35737
31043
22328
15838
6326
31240
26180
14446
21122
24591
6311
22406
26411
3383
6444
35524
1715
2076
27342
25603
33033
26734
20251
29980
33051
26538
30660
13418
11595
7508
26686
27926
495
30710
31482
16561
27496
30478
25012
4845
35763
18591
5382
30510
32442
7160
847
25383
24841
35336
2109
26489
7380
2149
5215
7005
28235
28955
2038
18645
14902
13423
23102
5934
34374
5642
7671
20623
34834
5413
6403
22318
30882
8941
28456
13653
31311
10318
10025
8364
15352
8960
18834
3808
10149
5922
20154
7874
2591
17514
4036
5638
7422
36538
29516
35436
18310
15648
5212
3518
10579
34368
19206
6452
19006
18318
26017
1373
14109
6126
5364
9818
13404
28921
3326
14058
12414
29699
35139
30288
25567
11891
5730
34946
17503
34526
26572
25352
34622
29753
33637
29036
2189
30648
2453
25794
20054
9486
24762
15671
27404
1156
21610
15323
14613
3412
35003
18877
36636
23680
26918
16377
28801
30097
29448
10829
26564
2391
9880
2819
6462
34601
26401
22934
6534
996
18697
16022
34752
10540
29802
8362
19977
8888
18709
16533
22518
18850
22695
15235
5672
11767
4499
34806
14413
18799
18737
33444
22865
30539
33255
7646
28321
30443
2721
31288
25841
3575
6515
10517
11451
14121
29479
30325
28956
1722
17944
172
16155
30668
1119
2909
14927
33986
14673
35271
3867
24594
29541
4222
31131
7678
3282
19270
32304
9907
21860
13853
24670
30688
7499
1575
15219
23007
5722
36368
15166
30049
9729
34406
10516
27936
8132
13368
8679
21349
30052
33612
20745
23892
30738
35390
27349
5818
4994
10125
2261
27452
6285
26496
18319
28097
26921
1116
20629
2587
35935
5830
31340
25760
9734
23489
5462
29228
27244
19932
26001
22741
31096
3949
32540
30497
20511
2215
34558
9509
24723
10545
32552
23017
24073
9580
15150
15033
15958
26977
3331
30250
3015
30656
6771
31028
17664
15174
1537
10558
12386
29348
35777
27462
35234
5131
29662
869
4864
4506
5252
3542
776
27257
33737
18883
7371
2892
34819
768
24028
5036
2122
2342
4089
16510
19213
26932
5390
6055
28002
33632
20118
19117
5482
6258
28417
32098
3861
301
35619
25348
126
34730
10783
20100
13303
12392
32193
11145
32215
21926
6958
35349
14227
17747
168
7844
32030
12053
18422
10804
36093
10468
7378
12332
5278
11604
24698
6420
14954
23730
33052
25445
14675
6487
3211
2419
10942
13095
30979
3408
4814
5733
5054
17241
33038
36242
10582
22291
4149
10348
30995
22654
10497
26701
30199
6278
26334
10030
27443
25052
177
3782
2310
20661
31681
29852
13055
17273
28478
30662
26614
31122
19305
6308
33060
28710
4591
15257
27185
7526
19290
4724
6409
29610
34284
25188
11770
17026
31547
32991
14956
29443
24825
13323
7038
31592
7017
2165
8978
26035
33884
10630
8203
33061
35627
6658
28471
24529
34421
34157
28947
16407
1013
24569
19018
10577
25756
10361
29167
27398
32256
11546
24369
34776
32384
22989
18046
19153
9342
19262
2285
2599
15714
26970
35319
33903
28032
16144
23264
36614
19683
30977
11041
3035
27975
18183
24680
34635
9297
16820
22690
31997
13646
9311
18276
34384
6893
17534
18769
11518
20473
9049
15168
10116
35192
30165
26394
25897
14815
36000
7547
2249
26443
29663
34197
9991
13135
34307
17292
31510
9638
26794
25965
2891
22979
3783
32018
30505
22569
35057
16177
8360
487
18439
6314
30018
34975
33263
29135
34076
12281
18450
17465
12228
3470
18208
18544
18921
24846
32536
32314
7307
18509
30253
30462
8436
1838
6569
18265
19584
35552
20506
14498
34261
6891
4264
715
23146
13993
29997
12437
6150
20192
6685
22793
13056
4738
17804
22605
21845
24023
13708
22992
13948
22238
19629
34348
11579
30186
3582
33783
29788
17399
17151
24360
9422
27075
9743
898
25711
15047
32569
25956
7355
32363
36459
13064
29842
1564
13755
2953
36096
32911
10201
21337
12303
2648
6683
22040
27426
31500
26663
35295
25657
17742
32000
8887
469
13825
9752
9826
22607
28665
25688
11474
17851
32781
1238
18590
34349
2653
28788
26424
18788
6744
9790
9926
32550
13166
29121
5784
16237
8940
26947
7474
8373
10671
35305
27085
17443
19928
32523
27934
6567
34187
22506
34419
14707
17652
27267
667
17564
10970
33516
35073
19102
11608
24150
13868
11078
5656
5895
22409
35285
4872
6966
34731
19106
8185
10312
32651
27214
7479
20763
33644
29890
17101
25305
35480
13216
36134
9628
31420
10118
16168
2720
28432
23331
25995
748
1954
18740
28895
16408
36246
29127
26911
9713
19927
16428
18044
36400
6222
25304
34093
18911
1776
18857
29561
25391
35103
1666
3403
14326
6568
26899
6253
998
35150
32562
15143
31745
22930
31431
2369
35169
32518
24832
24024
31102
29420
11238
26515
34425
6710
15806
749
8820
6922
15870
19201
10374
31175
1660
9685
18197
28813
4792
22628
5532
36405
34193
10502
28964
26786
3566
25514
10776
31165
34295
1933
7662
16843
34510
36119
29951
15037
1227
1688
32266
34436
26774
25863
11662
31558
6857
30061
19235
5589
34877
6218
25481
27633
22361
31416
26090
35651
5103
13369
22871
6401
26131
2858
35067
5322
20738
17848
36450
2551
35978
34774
18103
2855
15809
7872
18803
27887
36648
31428
6605
27431
7462
9755
20246
6172
31209
30997
35359
27497
32318
2348
6442
27288
7566
6469
10356
22185
30678
13003
35578
32806
20249
16469
27545
28384
28473
4188
16565
1713
10422
13740
31471
10222
13145
1294
36480
27937
25313
4524
17371
31959
25132
21599
22504
26797
26626
17961
3064
9856
36747
18174
16488
33463
30314
36194
2193
13468
8834
17568
19059
5005
32026
21900
2883
4127
31707
1959
29641
11122
21585
31488
33324
21973
27000
22015
30211
1097
20264
34148
22414
32417
19430
17995
31199
18051
18813
7695
2844
4268
5683
35407
1467
2692
18313
2415
4794
15164
24705
25423
11523
4174
2955
33251
11132
7708
18996
6406
31435
6841
5844
26881
1653
23420
14549
927
2174
6270
19229
30464
14503
15021
9308
15163
16642
16004
10410
31776
19160
11079
4266
30016
22509
2612
410
16482
14963
31494
25588
11598
4114
21266
31
34356
13177
10381
27649
29915
30458
23867
1833
2201
2450
25293
22241
8121
20248
15762
31236
26055
33201
17566
25566
13284
16000
36615
14051
21843
1750
14169
20503
9535
4749
36585
19902
