5609
1686
5556
2710
5656
4632
489
7595
7685
517
1580
1597
2246
5801
3479
4465
5464
396
1408
5516
483
5543
2455
414
5866
3748
6528
7600
5876
5625
6410
8668
6875
3517
701
3577
8938
3448
3592
5817
1541
4635
4710
3335
4789
8619
6743
7582
5637
8709
1456
4439
4693
5652
2423
2085
3496
554
1568
1604
1499
3528
5564
8679
8561
4549
3555
2550
8555
8885
1529
4373
4407
1560
5667
4824
4558
8514
2604
6992
3838
491
4533
5840
846
1557
7552
7830
1602
432
3594
7862
7953
3438
4519
5799
6576
538
3333
5604
8948
7691
6876
3336
1284
1447
2584
4618
505
3726
384
3615
4440
1222
5644
8854
7909
8576
708
1675
4071
1310
6587
5994
515
3468
4358
364
2780
342
514
7711
2883
8190
1283
2515
7870
5635
2732
6683
8876
5118
3525
7409
6558
5640
591
3489
2535
8858
5607
7504
7644
6688
6594
5158
1552
6802
3559
7867
2484
5826
6513
8681
2594
7704
4649
559
5687
488
746
4652
5659
8458
7589
1486
3569
2442
6474
4356
1482
5479
555
7631
6448
8882
2697
5386
1441
2634
2537
4435
3737
3769
3199
4819
1296
3463
2887
8715
8553
3551
1469
7470
5544
6886
3724
8474
292
4554
8516
4399
5852
8016
1744
1531
7874
6850
4676
6429
4389
3561
2446
1491
6885
4804
5819
2257
6822
4732
1513
8615
7215
8730
6692
7528
3713
1367
8135
2426
4802
5822
3587
6653
4580
1730
670
6626
2626
4541
4520
6785
2639
6845
4650
8806
6389
3747
3637
8536
1578
1550
7568
3207
4884
575
439
7650
4534
5621
5655
6401
4363
8233
1548
4721
7656
1542
6517
8646
6425
3818
2391
6705
4209
5959
286
3554
2523
7313
5841
1407
5734
1375
2538
8873
8739
4763
2203
2647
1299
1551
999
2762
4469
7463
4294
662
5883
398
366
553
4553
3503
7618
5796
6691
5318
7490
3103
7670
7305
7453
2478
5872
2621
7080
520
4573
7680
381
8900
3738
9040
8957
4283
720
4539
2432
6442
3487
5786
1638
4743
8229
2597
6838
4662
5549
256
8890
6531
3583
1774
6119
3645
2320
8348
8631
5595
3773
5541
5112
8889
5475
402
4410
8693
3746
5492
2305
7790
4631
6900
4594
4944
1303
454
5429
3828
5804
3767
6648
5724
8761
5803
7558
9038
5486
2744
3716
8674
1738
4518
443
6404
344
2519
7451
8473
5642
281
5781
2576
3560
3611
5527
6811
7628
4419
1438
2743
5329
3618
5957
3558
4642
6819
6484
6408
4852
569
1582
5401
6731
5481
5771
2749
7386
7326
2445
4482
2671
5684
8694
486
6767
4377
3449
5255
7531
2598
4770
280
8597
5955
9214
1570
324
6475
6430
3816
6835
3669
6498
3477
7319
2046
6820
3733
8616
7878
4490
8886
5498
1223
7815
8759
2469
7512
7527
4314
1189
5649
6638
3694
6670
3417
6520
2570
331
1614
1355
8049
564
5619
7657
5514
2528
5483
1526
2444
579
1700
345
7806
1610
1630
445
206
4551
3514
6834
3312
8667
1281
5834
1418
6825
8847
7086
8241
8748
7212
7522
7819
2771
8728
1555
6487
677
3228
268
524
7692
2456
4538
5586
7594
442
6651
2493
6736
5647
5968
839
566
3784
4687
5676
2464
2412
6588
8904
373
6678
4578
5454
6405
375
2580
8947
5484
5885
1812
682
3814
7767
1996
6908
5603
6896
7389
6268
8008
8482
3364
408
7695
7857
1205
3606
4970
4479
5831
3686
6664
688
4809
646
3579
343
5490
8688
3825
3775
7444
6193
2794
614
2781
5161
7826
744
3619
6422
3730
8898
8347
7869
1553
5650
5423
6685
3804
6844
8872
5495
1870
3565
1664
1556
1623
3443
8460
3582
931
6557
706
272
2508
487
4659
6659
2653
2165
2553
6142
9191
2652
3768
2448
1383
2332
4609
1273
7317
6526
4800
8636
6191
2789
1061
2083
3556
1289
5618
987
3017
4733
7425
2267
2511
1711
7098
1670
7907
1323
674
6532
1314
2292
8562
2549
8673
1507
8677
573
3484
4966
8768
7027
7712
6452
4817
7025
1184
6633
1378
4620
1292
7443
2714
7920
4345
4962
5157
687
8628
1694
9146
1305
1211
8814
522
1770
2514
728
6106
9159
4261
8914
3522
9024
3616
5499
5432
1397
4536
5542
1288
1442
9047
4367
3646
7495
2259
4365
5630
3433
1483
5832
5638
2389
558
2372
5902
2548
3216
6480
3750
3047
1646
1339
407
8203
7374
6188
5582
2319
1629
5982
157
349
6485
2011
1816
2768
3754
2507
9066
7716
177
6563
7938
8820
9054
1574
2748
6276
6595
6749
855
3544
5806
1086
2377
5110
6446
5591
4498
7598
2428
8887
4522
8457
4540
1607
2311
2247
4344
3471
3455
3100
3751
2219
4318
4769
4497
8104
2949
4663
4484
160
7611
8819
5633
7306
940
509
6863
4426
4715
1431
83
3597
7583
8935
870
1195
5426
6630
8498
8019
6471
2087
5795
7436
6719
691
6796
2636
4709
1983
6750
4773
3441
2375
9043
6739
1805
2638
4581
5860
410
3667
367
2773
7756
7365
5163
6771
7472
3920
3494
4376
7933
6056
3745
7584
3603
7809
750
7449
3040
3697
7479
2691
3576
1537
478
1258
422
4606
393
7579
3676
3791
3641
2978
1380
2316
4654
4451
5780
6911
4403
7690
5377
1755
5227
6812
1010
133
2035
7492
1718
2987
3060
8448
5660
8658
6180
8654
4049
7562
3395
5711
1043
8763
6096
5383
3542
6809
656
2282
4613
1615
4881
3467
6679
395
2329
4673
6979
8950
6424
4849
8248
3415
3015
423
2252
3763
1724
8558
5842
5766
2503
833
6700
8378
5076
8927
1939
2654
4178
3627
3938
4771
3636
4612
1077
803
6494
6794
752
3083
322
8455
6865
5360
3601
6543
4224
328
4859
7847
961
1968
6117
8526
1732
4129
4812
5517
2379
8247
5030
5565
3753
421
3073
1637
3016
2297
2607
4619
8604
1706
4628
8789
1576
7592
7865
7518
5522
8232
8895
694
4643
1484
7587
2656
1030
623
371
467
7955
7675
2040
6769
4284
1123
5416
2819
1540
5855
2840
8478
1722
7795
5458
545
1434
428
6551
40
3191
7919
2761
3365
8167
755
4814
6788
8770
6620
7923
6805
5380
6503
7482
2110
8848
5264
928
129
8834
8962
62
7846
4655
3305
1958
3557
158
3054
7852
2490
7788
2976
1764
5553
8856
5851
5610
1221
1890
6818
5444
8106
1760
39
9212
6496
960
4487
2459
8840
2963
3911
5710
8550
6196
6459
4878
7872
1082
5628
8173
519
4506
8777
2767
6590
7123
5400
5218
6542
8939
4529
5473
696
6729
7694
2624
5587
2568
6272
3530
595
4475
7761
298
934
2563
4525
8621
3436
8171
1151
8518
3447
7849
3332
903
5219
8244
5536
6572
3121
3780
6942
1280
2314
578
5791
7153
106
8590
8726
4271
2829
8593
3421
8451
4067
6207
4044
3387
6910
9061
8483
7094
4750
7945
108
6598
4394
2345
4624
6163
5160
1427
1661
2450
1345
4143
3739
4816
8917
1500
7238
993
4669
8640
6182
2312
7459
5790
6813
475
6293
3876
2682
1609
3631
2667
8322
8548
3250
8427
3990
1451
4362
3765
2086
4504
4598
3857
8905
4228
3338
5534
3358
7438
5735
587
285
753
5413
2599
2238
8078
8497
8843
7697
5472
1290
389
7871
5385
6453
3612
5782
5022
7601
6672
3135
6728
7591
4574
2408
2144
4972
8705
1426
4524
5665
5875
6432
6006
3209
5846
7297
1393
8547
359
8252
5900
5195
859
4854
3761
103
3182
8182
3361
727
7597
6379
3459
7638
4641
7477
283
8919
7295
530
5873
5524
3179
2430
4647
2640
9145
8443
3416
1605
5598
3800
5248
1421
4980
5816
7775
321
5697
6961
898
2746
4012
2419
7721
7581
4514
2415
2029
8138
53
5415
6581
7473
6847
8934
484
8594
315
6192
8544
4587
2678
4359
3673
1750
1403
6098
5886
4317
8783
866
8545
2322
6505
31
6201
4744
8860
1054
4779
2686
7532
415
5101
3970
4385
3384
8960
7523
6071
1691
658
1855
4468
7263
8706
6466
2698
5812
6580
2628
4786
2758
7854
4762
848
1038
8582
6635
1583
7918
2118
5502
3466
3704
5777
6110
843
1159
3536
4296
1563
3870
6842
4848
2914
2574
5639
2769
881
6759
3640
5706
7175
763
6155
9147
4723
1734
7844
3115
6963
1581
6521
2734
8635
1052
1429
8736
7200
2631
6336
1672
3882
8231
124
4413
2740
323
253
4863
4604
7069
4496
5892
1559
5397
3562
2590
1777
547
5450
7825
7519
699
3912
732
3918
2658
6981
6657
972
516
2747
7457
3527
1879
3035
8710
2972
4510
8722
9027
3679
2457
1714
2646
4671
4844
6386
6897
6493
9150
6806
4357
9014
5372
7432
5807
764
3498
8881
2618
4507
8592
9088
6724
2722
2630
4837
1775
199
7103
9011
5654
5463
6322
3329
5410
7378
1561
7707
3460
7903
8510
607
9070
3588
8805
7817
4798
7998
5942
8725
8291
3323
6894
6486
6242
473
28
9156
2147
14
3698
7791
5763
6266
1751
7932
2250
4675
5969
4323
1584
2766
6970
370
6941
4576
5818
8758
6295
7521
6621
4893
3263
7811
7469
369
702
3928
5868
8469
8680
3953
8608
8184
8165
6718
3803
5480
469
5407
5020
7130
1631
689
560
4388
2293
5811
2870
2946
858
6652
1861
7004
6354
2627
5798
5820
8720
5004
7722
6088
8702
725
5127
3731
4577
6960
7211
666
3548
1463
8317
424
8563
134
3518
704
5575
2583
5418
8985
464
6828
5674
50
6891
8239
3304
6889
1157
749
5901
6302
5696
1721
1908
8816
4097
4767
5668
6534
5090
684
356
7116
460
2180
6305
5535
2016
7643
155
6456
7860
6561
456
8624
2754
571
3439
5390
2919
2751
3020
4644
4899
7224
4776
7547
7170
1920
506
2283
945
2264
3406
1948
6703
4936
2308
4951
4042
5939
8522
9041
1710
8266
3462
2431
7061
2540
6139
5409
3451
4583
7789
4081
3204
4063
7300
2648
2520
1674
1505
7323
6447
8912
8625
7370
1635
5913
2260
5833
2752
4742
6299
5487
8784
1906
5730
1182
3265
7671
3422
8350
6783
8321
6667
5306
7894
775
7612
644
4329
4751
409
1662
9184
2106
6964
2811
1063
4409
2020
3891
2774
8695
1253
6360
2256
957
3429
6335
2401
2277
5167
2049
7839
1827
734
7708
3916
6055
60
1347
5072
9166
3070
642
4009
4137
3984
19
1800
5365
6028
3394
1480
7430
3516
5699
1546
3222
1986
8599
8894
7465
3786
4737
4463
2465
6636
920
5068
4959
845
1616
21
8579
8958
3864
8105
3996
4513
8329
3456
8534
2384
6604
1430
6668
8438
7437
8123
4856
7330
842
8377
5750
1872
988
8463
479
5308
5960
8899
4302
8659
3352
2531
8883
6904
8255
358
7885
5417
7404
4066
8986
4772
5672
7736
3269
2575
3777
6046
8102
7567
3401
5770
7570
1523
8701
1725
4608
5787
7299
4449
6632
6359
942
4481
6757
4640
2038
2338
2670
3782
2103
5641
4508
6637
8745
3124
278
7980
379
3045
5260
8372
6613
4888
293
5700
6112
6097
4495
3930
4589
8554
172
2589
3095
1648
6641
3709
2102
7062
6021
8928
4680
451
6519
7843
5525
6733
5496
3215
717
7893
2451
6087
259
7067
6311
5099
8588
2998
7900
8437
3087
4585
1644
2062
8221
3435
9134
340
935
3491
9179
2385
6600
1333
5563
6923
2542
3445
6627
1902
4748
1915
5216
6985
3402
3093
2595
7095
352
8714
8504
9178
1692
1259
4907
3770
4231
6792
8501
7304
7202
5149
3339
5645
3623
5245
7483
188
7225
5779
3424
3386
7731
1628
4406
1669
5589
3024
7508
336
2587
465
8676
6766
544
9202
6831
5121
6807
5171
5035
6508
7416
4783
6762
6791
3414
8585
2547
1457
3509
3683
6566
354
8811
7502
8626
2543
5694
2724
8826
8921
8707
3591
7758
4320
5007
8565
3419
6423
7286
1790
9032
1778
8864
6977
6935
8967
4069
8364
703
1528
2804
4189
4791
79
1388
6562
3249
6584
2022
7530
8944
6712
7649
4447
792
7664
7604
6903
6631
600
240
7968
8230
6060
109
5568
7693
7760
8141
6774
6550
4478
8490
2839
8568
5288
7242
3227
3168
3821
7476
8000
3980
525
5905
264
2703
8062
1494
3287
8637
2516
4897
8507
376
5889
5613
2307
7910
977
5339
6836
8787
8267
3432
1874
8671
7201
6882
1058
6655
1265
6114
8038
6362
7540
8786
1461
8465
1539
309
8569
7543
1308
1627
1522
7947
6259
6308
1626
6217
4273
9083
4627
501
2912
7205
3699
7709
1562
8586
3034
1300
116
1577
6533
7956
5990
441
4987
7077
4442
6715
2806
7850
4895
5403
7231
904
2440
7441
2034
265
1989
4477
6092
6181
4752
4600
3581
8538
6560
3833
8946
4456
6464
7419
3687
4455
3675
3155
2983
3013
7908
1415
54
7925
7413
2864
6660
4543
6959
3723
2579
8649
3622
403
4745
4822
5129
933
5148
602
731
3096
332
3614
9115
7315
7427
3979
4133
5975
1680
1398
4024
6693
4474
8361
490
2051
8767
1278
452
932
5930
4430
2530
3504
541
6776
3883
6955
730
3869
8515
6710
318
8271
1340
7569
8672
4453
2817
117
472
1608
2489
7735
4900
2717
3068
3337
4886
8682
3573
6109
4821
6808
1821
5632
1238
3696
4225
314
6914
2546
2089
7798
3166
8226
8542
905
4623
1867
1233
9163
6073
3566
1712
2306
8121
6565
1749
5767
3532
8751
1877
2951
6420
709
7723
3187
351
3875
7759
8270
1922
2354
2760
8394
5299
6283
1274
6814
5109
1399
7782
5220
4400
1519
586
7766
2350
6502
3099
8587
7169
2249
3725
7882
1386
1146
6895
3350
5634
5983
915
592
4105
7294
4077
6607
5989
8940
1087
8737
6440
3907
655
8224
7787
2074
971
7967
8491
3301
6449
1018
8323
8844
7647
115
6064
1912
6136
5370
4754
3248
3834
7877
2042
2497
5576
756
4978
3715
6393
593
7467
1779
4472
3511
1126
5821
6888
606
3316
5754
2890
3815
2392
9045
3064
86
1361
8716
2791
7247
6
3428
5679
6855
4992
459
1377
5116
8508
7734
8521
7290
1772
8010
4935
5810
6141
3808
1074
7777
5574
2173
4994
9062
3144
4595
6564
276
125
6854
8177
7840
2984
7117
296
7838
3831
337
1236
2798
6852
3493
620
183
1487
7994
4720
8753
6990
2278
6974
5154
7252
5800
3178
6252
8936
6338
8287
9158
5865
2915
2498
1776
8954
7912
6585
8100
427
5708
2989
7481
5322
2015
9067
8546
431
7743
311
5382
4879
1699
6605
3431
8204
6187
1328
976
1489
6510
1595
4489
3458
766
6042
2017
4371
4795
5471
4437
1147
8703
8869
6967
6005
1964
2166
4460
5805
3367
779
123
6756
2094
7827
4082
7107
1
5658
341
8189
1944
705
2026
6491
4990
8398
2315
8017
1376
5611
2558
7780
6074
8220
5349
1267
2562
3991
3829
4678
6365
3956
7881
6682
6934
2496
4932
613
4146
5364
7698
8311
8704
601
5384
8236
6997
7034
1366
5307
2955
1882
568
6102
7274
5048
4036
3317
875
3320
8014
8760
8699
6948
7006
4326
8146
7106
8738
1316
1894
8780
4095
6570
5494
2821
7575
6954
8987
686
360
8116
1974
5813
5762
8337
5190
3370
5093
4461
7623
4335
8785
3091
5554
6569
3475
194
3031
6168
5194
8907
192
3342
9005
5751
8306
3423
8039
3710
5774
8299
7706
7561
638
2592
4014
6213
1492
8803
411
5513
3353
5119
8574
254
6893
5512
5726
3783
8941
7863
2371
2093
6015
2179
5612
3806
8495
651
8235
2309
5359
9016
1324
3411
883
5824
5776
5919
4085
4930
4251
5991
2641
5355
8965
2605
8479
8581
1752
3520
7626
1298
2150
5175
9030
8523
2052
2635
2438
5948
8774
6939
5356
1000
6412
1338
7221
55
8367
3652
463
996
8021
740
2310
7802
724
8687
7185
8665
7929
8505
9064
6238
7752
5986
6197
7930
1756
173
5643
2823
661
8932
3813
390
8575
9211
6832
5323
6203
7813
3811
2894
6390
7054
8041
3184
1468
4842
5244
4103
146
1896
1132
1538
5627
5224
5616
7395
815
5391
3658
7316
111
167
380
4397
780
1057
4200
6624
8606
5032
3405
1291
4401
1008
2161
3905
3842
4666
2965
2662
9077
4567
1688
6282
1927
5709
4375
7720
2360
4319
5748
96
4306
4171
2122
2660
967
2326
4919
3485
6658
6433
7057
7140
5046
2468
6599
438
3362
1309
2812
7279
995
2939
4038
3789
8145
8871
3743
4858
3657
3325
6426
8724
1575
271
9127
8088
6399
5289
5125
7
4614
6799
7277
5294
7541
8980
4501
6919
8278
4311
899
6639
5266
7456
3373
5176
6132
5880
2657
9050
1286
5166
2571
2361
5430
5034
6546
1215
4979
5468
80
5405
458
2908
7082
5716
6023
4775
4198
2047
4827
2521
3942
8964
2982
6149
2556
5151
1666
7397
1753
2299
8788
5268
3639
7251
5436
675
1758
3495
4597
3863
7928
1400
1739
8937
5869
8493
3906
2135
7475
97
150
3026
9026
3374
5320
8543
8126
6034
1401
4295
1728
2483
4921
2665
8897
1864
1226
5661
7686
7050
6684
4512
9055
63
7890
958
7440
1807
3341
6661
8424
7783
1069
7556
6499
1765
3973
548
4278
405
4310
4584
4292
1003
4062
6460
7498
4337
8494
8296
7738
8979
4325
4350
4480
4493
261
7990
5848
1589
4370
6556
710
2195
2325
7560
3076
3988
5721
2513
4396
7617
6116
2386
5387
6548
1293
5330
8875
6866
110
7534
3756
6287
5662
4050
4483
5062
6666
8143
5557
4252
4080
2245
6372
7096
5931
8118
1302
7959
6411
3418
7746
277
3799
282
1952
4312
2473
66
5344
5651
7109
2467
7661
7494
965
84
8011
9195
8499
7805
4778
6350
3760
2559
1329
6031
7491
7159
3766
7948
1246
6413
7282
4486
647
2346
4304
4145
4651
1925
3288
2427
5399
4717
6427
224
1510
4634
4871
7935
6867
2352
5317
1999
8809
5448
2232
6830
4500
1516
7141
4031
4424
4945
856
444
6406
2436
5351
1099
