30850
5453
26497
1338
14468
25586
3480
10613
1609
36729
31166
9604
1458
33718
8461
14789
5434
16311
5255
5261
33776
34573
14918
199
24693
5763
23605
759
13238
32568
18939
11337
12487
23035
31631
13260
32636
28108
11085
24561
4232
29762
21622
1097
14919
6605
13262
4488
30668
20286
21308
3634
36549
14709
28159
3570
4926
23611
32113
33730
4096
4876
6726
14541
2689
17578
10806
27015
32322
1229
10993
8192
15222
25738
2819
18856
23869
6202
21110
22845
32525
35696
12670
30077
9845
28429
446
36801
1978
5639
26359
11397
9652
30905
12597
445
3702
881
34996
26554
34616
32453
35008
9341
9133
27331
20794
26572
1408
33268
165
35131
28534
34502
24695
905
26558
18705
11198
34445
23247
29902
4349
14330
29782
24361
33731
35899
33142
33712
733
26994
10550
31994
25804
8119
31414
35506
19329
32383
32967
31103
31316
11317
6959
974
5262
21641
9990
13746
13766
12419
16003
5443
10691
12086
14677
34249
28684
25472
9219
29823
17117
6918
10171
20985
20084
22404
11846
10438
1162
27854
790
2364
15922
9927
11001
3012
15938
35535
35723
12153
12798
27277
23349
19665
4791
7750
23670
12925
22218
29310
7916
13430
36493
34488
18194
11006
5564
31162
6413
28477
13505
18929
22800
14840
11441
32577
25671
23625
14268
5251
5015
11446
25407
13687
1031
26941
36593
32783
309
22200
2212
4229
13699
27128
27651
24587
27011
35163
32199
19771
2703
5768
20745
19369
8524
20812
33919
14968
9727
9726
27139
23745
24516
21453
9224
8625
4992
27318
33845
26954
26032
35412
35661
23669
28855
23752
31865
23848
7746
25090
32496
23566
25211
769
13629
3097
13483
28271
3717
32889
32885
2698
35274
11696
32830
27276
10864
28400
34611
34485
9374
3442
16191
35847
29387
11473
27535
25542
1648
15671
14727
31159
12854
17400
18363
18179
23735
6915
35789
33483
10442
25540
28103
19725
23105
9547
15173
7046
22321
5183
17601
22526
3707
14324
35331
1291
18104
791
7881
29193
25729
8822
22861
33210
25906
4164
16838
9539
30413
33904
3513
32606
30898
11842
1855
5269
26881
7620
17214
5365
31169
28810
10041
35925
27845
4866
35199
3067
14016
24317
15220
6908
23812
9798
4915
16247
16072
27393
22590
2888
26869
29688
33741
6460
26828
30019
23372
19716
1881
10445
34613
23080
15479
27831
36726
12609
10619
28789
5433
16078
26637
27382
8703
27659
17728
27084
25333
25853
24958
25718
23477
26829
23594
14197
13125
8704
14974
20351
15768
23560
8457
14576
19062
30729
11980
19763
20393
4146
5629
21837
2630
36049
22891
20345
5817
9415
14785
30534
6792
5451
22660
29739
18813
14464
8960
28175
16176
29829
17971
27079
14003
33273
7280
16947
19323
33588
20026
15286
33212
10524
9373
17402
27449
26544
3334
6403
28417
15152
30920
2714
29759
12738
321
13261
33713
22201
6541
34999
32573
35581
30407
16592
35318
13511
24053
29256
14458
1152
12744
1979
31489
2678
8022
27379
19087
1980
29960
36539
9717
13117
5788
26474
2178
20793
9731
31878
16628
6596
22195
16849
17987
34510
9933
4617
34489
8366
20033
13632
14717
5281
16187
20991
12793
33901
24618
8335
6941
16525
21973
1159
9416
15802
24563
28954
32701
15621
30772
1998
4085
10025
17594
31067
28288
21058
3006
30731
4979
2496
19773
33277
16125
5152
7371
16373
32950
30650
25741
27220
7622
21697
8454
20203
29990
27207
12023
23241
16399
35089
27579
19959
31374
11653
22013
10814
13581
31666
31895
2180
3509
28877
27574
22901
11566
18231
14666
2853
12162
18636
34119
5515
2119
2383
11390
830
23734
781
28745
1225
29803
15943
6609
26297
28226
22869
21750
26971
10701
25840
30593
30922
8033
17023
3968
7408
29519
13254
25201
36554
17973
32630
34694
14653
5754
35721
23223
17867
6155
23769
28361
12032
34827
4557
10609
31808
27396
9472
23677
13188
1092
12465
9405
27408
26780
22205
10871
26227
116
24753
30911
8073
6256
26059
29385
9340
14706
30524
2618
23152
36162
1410
31362
9357
36848
36663
31885
13002
35510
15081
8100
21502
21420
4211
900
6648
25100
6989
11663
8074
20034
36484
19189
12732
12554
12238
11136
16888
12486
11883
2887
1206
31224
11760
21940
9149
33974
7747
23501
4275
8967
12545
8584
7600
27771
519
26884
4837
17796
35757
10642
35689
30450
26809
10612
18773
14658
11215
20039
5240
31154
8245
35321
34026
15560
15600
31957
14130
17629
31745
35758
12594
10875
1865
328
24727
30601
25230
27484
31475
8818
18316
24276
4023
33149
30000
971
17138
10857
7478
1067
22518
16427
33156
17420
26977
25994
34697
15125
10874
13205
28492
24249
24012
6610
2660
137
10679
16971
1024
5295
7592
19243
27900
31953
2574
24182
25596
33994
13057
4424
31690
13761
3250
7584
27442
27897
25752
1964
20911
19790
3317
9743
11845
1667
20156
6293
15363
9111
32526
13959
35764
33601
26763
10293
23055
17725
25599
15317
5112
31562
28939
3122
25786
23764
29749
11405
32373
431
10886
13250
36670
15680
34367
7956
2958
3426
28714
33922
14001
12342
27974
7576
4988
10800
12658
10641
315
5107
19229
1215
29361
23227
23942
29866
22261
4169
6584
721
15024
15029
16206
719
18153
5244
32822
9479
31609
186
20397
29961
16965
24988
27206
4621
1199
28444
20740
2290
15141
1172
11201
2647
29360
16944
31947
18938
10073
9221
35232
2930
36167
16450
22733
35446
26185
3978
1977
32679
33244
15736
573
31050
15064
17742
6218
8901
23854
2739
29846
1982
14020
33082
391
17231
12860
36669
21762
8138
27971
17139
4304
36105
23503
36513
568
566
28774
27742
14256
29074
274
24308
11776
33052
33596
2654
26942
36354
22164
10877
35550
24320
29276
23686
9899
18663
28762
5114
32975
15790
5383
25154
23118
27325
8533
21705
5943
32943
23414
28990
29286
21109
13021
5265
28753
21871
317
23849
35152
31610
696
34762
7919
32490
20870
35045
13039
21067
16753
20749
6265
23240
24180
11957
22377
23350
2864
201
24948
32183
11988
22467
24498
18176
2289
943
12511
21065
23602
36597
7437
8923
34991
34507
1158
17975
29374
3399
7874
24496
21853
31296
6920
4652
28480
31364
20621
17150
35207
22778
14588
33074
27019
4482
26669
13568
4526
10831
19672
12684
3793
17357
11824
8651
34685
26766
18801
21430
27644
1051
33253
29270
22458
27867
36041
34368
23564
25346
183
9477
26531
15096
557
257
15282
4080
30733
15883
8322
34490
36155
24013
35523
35215
6799
16445
33678
28494
16836
29251
25990
32618
28163
31247
26211
13923
12978
23673
31798
30128
18795
35187
31142
27499
23987
27340
7466
9732
9908
20743
14466
22736
885
35404
34480
25520
35828
19917
27512
28020
35218
29681
22016
7991
20368
13712
34995
15287
14271
15356
3874
5010
22389
30857
36542
4795
32910
3970
22191
15613
16332
16253
456
138
12247
17917
3913
28878
32435
4620
32005
4471
33979
20976
16770
21892
20534
2760
23678
23160
19017
5858
17208
18874
8681
26778
4829
35655
17929
35262
26176
13877
22783
10820
24284
33136
16781
1715
23283
20219
1022
115
9469
27849
24977
17322
11315
9377
1915
16314
17354
13169
11442
18889
34483
21831
13626
11591
23429
20410
256
15557
12535
35369
9
5458
20733
32567
2781
29917
20685
6710
32214
4711
9541
31220
33276
660
433
12277
6025
28208
17360
10497
27151
27131
2336
12273
28172
7081
32599
18809
17548
9106
8500
28897
6407
4609
5572
30126
2672
25589
36482
16066
14131
8328
9314
3884
22732
36460
30271
22275
29569
26049
6974
11323
21747
3065
18254
19998
26767
26057
2940
33351
6983
10680
11076
8917
28483
13503
19160
770
15994
27279
1101
23817
6634
24402
5047
7625
35004
26897
12731
21634
4615
2999
28832
30796
23229
21706
8118
25289
4247
27518
20174
27982
1151
4585
988
22385
9359
25895
5896
27853
12043
9206
14531
6993
23162
21695
23231
22453
29635
216
33456
19986
10608
22143
14702
1722
17275
20924
15030
16663
35517
28118
19522
1797
5720
20742
30281
11843
21757
13944
15687
26761
28829
19994
31491
13233
21138
11971
17997
34736
24396
16736
5111
1933
1015
13742
15294
12669
6267
15871
29858
18924
17610
13697
4700
23248
13127
15381
28527
9870
11067
17546
13506
15804
11662
10558
20085
34056
23828
6870
1302
18817
4427
29326
15757
20788
26426
7492
10899
23121
8271
26226
3827
25484
1789
13646
26601
16988
16134
13744
28744
24833
33926
19324
26458
9972
6315
1653
829
27267
9356
50
5063
9465
11423
7357
31026
1087
2374
26442
31039
23292
36273
11664
14640
12288
25180
13339
26711
3646
15131
7541
36103
29118
5820
25789
19019
22272
17877
32015
20523
35976
13964
22708
28665
34511
7536
34141
14946
1133
3703
25217
10742
19127
30262
25688
4588
29888
6671
22944
36855
16127
20739
12098
16391
32920
18119
26336
30455
28366
14011
31567
12415
34972
25491
31038
6791
16157
35122
36080
17249
26656
3074
31873
271
33850
13180
16515
19638
16246
7947
19008
21247
19628
34034
8961
10811
20301
20091
15679
3836
1417
16077
27712
30667
23721
19051
25331
5431
2122
3766
10593
28430
16061
19817
3847
8243
34635
2636
14935
28093
9190
18177
32849
3973
8638
34463
25692
9334
12319
9905
9671
2731
17471
27650
21465
17712
2885
21129
9099
2554
27701
13593
20418
6454
969
632
36040
8573
24291
6898
4729
3665
33373
25351
1906
32690
12170
13345
22793
5984
3777
13718
9407
7501
32457
12629
11294
17371
17689
9157
22767
31168
30752
10578
22812
33407
11190
20954
27594
35150
28045
28657
9626
1671
2749
1423
28664
7934
32556
3718
16520
16906
28971
15649
16432
13058
24201
21353
19137
31792
16269
18885
10829
32348
18528
25278
4995
13618
7219
16930
11772
32666
24374
24751
14847
20868
18946
12990
15419
34830
33815
17010
9398
29698
3527
31153
18245
16259
22544
14902
10825
15133
32189
3989
2161
13464
36052
4999
5952
14915
21901
11989
32186
1774
25456
22459
4105
28852
35468
21865
34618
11498
32698
3224
8194
6703
8558
30670
2442
31382
6277
15754
27670
22104
22741
1441
1476
33143
20974
28346
7570
23671
17835
21531
2423
19029
27516
29597
23972
14142
33593
29466
25287
23085
29659
16101
26841
22324
14957
36717
10771
13751
14534
8445
8269
15579
12890
10936
32536
19203
18984
7031
16088
34559
28029
10251
13607
29431
4544
13613
4037
29044
21444
516
3146
34766
4156
5766
9854
24841
20475
788
2695
3324
28513
23761
15158
32201
14625
3888
22086
22801
24286
2807
11262
4505
4140
34039
33786
27263
6932
25038
26239
24908
15928
29470
1668
1713
36684
17369
21113
26661
20804
1355
19459
1333
29997
9868
28049
19234
28090
14730
32425
6388
32925
10580
15812
10907
35132
4794
22636
7193
29066
31758
24437
11465
33965
8949
28262
12662
28662
1718
9725
36215
9214
30461
20837
20056
29680
432
20800
19715
14388
23977
7354
33668
29568
29024
8888
17422
9235
20789
21205
29582
16651
18553
12519
32367
27835
28607
12491
24840
31810
11061
651
22701
23993
9451
20043
29920
33289
11263
19254
2736
16197
16962
33910
21755
33221
5072
1737
15324
11617
13105
24967
1023
30392
20361
21488
33354
18103
17806
2445
29295
26617
5221
5424
19825
5315
14841
34103
17114
18909
1483
22072
1337
16769
644
3837
3919
33740
5601
6775
2937
12024
16257
25084
176
11701
20385
23486
4372
14396
21040
32364
2439
16590
6552
35440
4033
21041
28156
35590
6482
33614
21200
31640
16644
11874
8719
17370
26948
20654
33995
7754
29266
27707
11059
27570
5064
19874
12561
21188
26634
29756
19781
32452
11071
13680
10552
31662
16766
19198
14929
2481
4719
23662
5318
10586
25319
23768
19256
35640
16068
22834
7291
339
33230
21661
32420
15171
10802
7163
16026
31984
10753
10615
18490
32145
13890
19519
1226
25026
1490
35786
27132
1916
5329
16695
25089
1624
265
13445
26998
33715
12892
15117
34086
28372
30591
17791
2296
26045
3042
34233
979
18898
32147
33014
5297
28738
24640
29241
544
7815
30026
9495
6513
14689
35313
31569
24394
9861
8343
10060
7661
29845
30975
36427
13225
325
712
30949
2308
30205
4195
3153
18511
3093
498
20
1372
11311
32116
8129
23631
23312
30662
25488
18849
7800
19829
1597
21572
20236
14936
18887
30791
5062
390
11785
15291
16998
15884
25890
25423
35133
27654
30546
9285
34914
2098
10689
32613
20355
8696
21656
18627
34838
6363
13264
13862
12653
24632
20284
839
24304
1782
1909
25843
27057
17803
31030
3208
36518
10759
13492
21807
15169
33790
11985
917
19966
18015
28042
7286
4004
29313
10367
25478
13628
6636
15641
16846
21105
23740
34003
22193
15622
22791
31697
26992
14760
31682
36340
24643
34125
28535
16219
17438
32460
3253
31120
16697
22285
24335
13298
15256
29127
2307
35445
20666
28758
22360
16690
4907
24287
11401
5375
7504
11253
14208
2491
26191
5120
21478
11968
4984
27062
12293
29580
1888
7310
18439
12210
35904
21746
14147
13226
8900
17659
33556
1227
10026
17711
9730
4728
33231
4411
25035
14897
25528
6602
5892
23278
5577
18922
23653
26030
20209
10932
570
8589
25984
30405
0
14754
9354
30707
22602
467
10489
12687
21421
28431
15894
11453
29634
181
22843
6391
11654
5350
19032
8641
34829
450
18554
21571
22395
1701
1927
16304
23990
7140
26423
26721
28136
34586
22548
35071
17898
3451
24718
33933
11131
26484
3342
29929
30477
14571
35401
13817
31111
5781
18646
20984
28465
33767
4147
15124
22893
1714
8046
7479
2950
18081
6561
10737
17116
2667
28614
16522
36535
26038
11506
3397
19387
33313
31170
27702
17741
33008
19449
9304
8717
35706
26182
35991
13937
29874
8364
22274
4996
21752
5290
30594
13990
35598
1238
27580
31176
31979
8197
5803
555
35249
29013
13426
17932
33883
4966
15937
25082
15814
28815
14780
28486
1194
3869
4825
18642
16631
8730
11164
17474
5387
16910
26621
32486
20660
13184
35533
26434
20873
4936
1329
2579
36757
26433
22568
22598
9202
11771
28811
30044
20502
35511
31029
4261
36732
17699
24277
24990
28495
10983
26551
23603
30735
25068
13381
23469
5579
25052
4824
1925
29626
31796
13811
6018
3007
8272
26288
15612
21245
14263
33940
22932
24339
17216
11457
21030
1259
5236
19064
23661
11511
1047
28925
23618
1973
30742
17641
9046
35016
14217
14909
21691
21454
31042
2557
8886
10953
33120
32262
2210
2057
11972
19663
1103
22474
9413
28046
7607
3151
33044
33422
19697
25370
19949
3881
19190
22402
11593
28919
24736
13119
10696
24444
22278
30406
4494
11723
11127
6735
13524
35783
17678
36463
15427
3394
35502
18009
9268
14924
1077
24576
3349
6349
36608
35595
6257
15377
26631
24747
21602
31004
18668
10319
31601
26195
19220
15914
25551
34506
31433
26187
27844
35316
2045
17419
8575
31178
21556
6706
22314
27875
3275
24757
2656
19327
18111
34747
331
27960
8958
2361
18783
29119
34376
2166
33720
12879
26912
11643
16442
23948
7547
1325
1260
24879
10767
9445
18098
24177
10150
15413
17286
21235
22905
23220
12156
34045
18548
27255
34188
10286
32458
34032
18680
35586
18452
5430
7192
10809
17984
22897
13308
8333
9286
98
34985
36733
25553
22071
29839
25151
23286
306
4634
31547
2663
5099
27533
13086
20343
22147
9132
15336
9353
6532
14703
29641
33916
1635
32465
13582
25214
16002
20934
11158
5389
2422
28824
33674
22317
32840
2292
22014
20814
13209
21808
33917
28335
1098
21449
3393
32171
7659
3260
2263
4249
3956
36530
12387
5702
25457
4478
35134
33560
32080
6287
32429
17163
30390
25871
27328
10477
14791
2511
1018
36479
3390
12218
5894
15501
1426
29503
30304
4865
11479
25355
208
7511
785
31248
10159
637
35012
25160
5
34935
4233
29563
24469
22157
21768
33852
27617
22449
29708
12035
23002
19670
2264
28476
31282
18308
1340
25675
21624
471
7404
30741
7338
6344
14769
26019
28734
1069
3858
3651
2725
4968
29564
20890
7356
1144
31013
1078
5289
173
35531
29808
16006
4536
9741
11979
33726
11303
8971
7539
10564
2302
2751
25634
35752
72
34970
6872
11464
5653
14286
30411
20675
21071
28849
27913
20611
15988
13166
11189
17410
1484
26949
34498
29493
34236
33657
31144
29182
1046
2106
23748
27817
13482
14148
3087
15989
13328
2124
18426
21662
25170
1693
11478
23277
36606
34859
28089
35380
35846
2924
2638
20146
5428
34159
29788
7413
12947
27142
179
20927
18230
35435
8465
21221
14007
33480
30806
35456
7770
23676
27204
744
33806
24004
9290
18058
31286
1672
2674
17151
31289
14389
25762
3868
22059
6754
25686
17298
22914
2679
18063
15661
25077
31924
3946
31763
6342
9161
25096
34041
15865
25605
23559
27243
15302
19624
17789
24513
15048
1804
35433
24696
9876
20268
31514
25730
15372
22197
444
11150
1618
21228
25023
144
443
27468
1849
11016
27915
33314
25330
30512
13376
25088
35139
33113
875
36687
36160
33050
4738
26871
8885
23275
15999
33509
8470
25780
1294
26709
14444
23927
29865
9038
3307
10747
29401
18595
153
30765
16716
20734
19901
5046
19262
5330
22811
32713
36161
31043
24917
7621
12005
2966
6212
31604
6375
7606
27228
27718
2185
27143
16655
17019
5277
28251
17612
672
21620
28109
15191
12557
7928
22279
27212
31092
25055
7676
8933
2839
12693
7778
9423
1197
11412
29918
18493
7710
258
20289
23675
36199
2974
13421
13891
6050
20257
18844
1381
26962
1418
19713
23156
11058
19944
27374
10298
20495
9992
33980
9649
3589
21291
26381
26254
14853
28716
27938
28239
27828
8325
12029
36202
16404
33141
16254
23632
23168
29638
5503
24627
26864
13516
9205
10761
34053
5913
19057
29900
16096
5098
32956
6860
34427
24609
10764
1401
3860
34019
34479
19202
6780
9228
5707
106
12613
11433
24625
36251
17343
18171
14049
32564
4687
1001
21386
6507
7033
9520
9954
33357
5610
3667
35268
3332
28739
33796
10476
19321
29794
23805
583
5351
18934
3310
14144
34832
33785
34508
33476
19214
7628
14216
16873
5637
16177
34128
6603
11393
18864
22413
8523
10994
8850
15035
22952
25656
15926
25908
13941
34036
7302
1723
29955
23450
24119
17089
16677
10591
27466
18572
4238
8549
8203
34609
17206
28458
23291
19982
29173
22077
34390
9589
8899
33372
10760
17270
11118
30968
34185
8332
36236
21390
14189
30818
14704
26782
28428
28861
5178
15162
7336
32007
22607
3127
35638
26647
7043
1323
35774
14964
35069
4458
9194
34622
31346
14938
31600
2840
21186
34310
1843
16897
17141
4231
18464
27152
22330
8660
21840
6215
2303
31360
17509
17358
26775
32752
23818
15036
22523
23858
9380
6702
995
29317
35382
34363
21121
33118
26618
9278
33180
35843
33943
28973
35457
2231
6572
5681
11339
14437
