1516
33629
6075
13402
1114
28799
28814
1106
2643
11110
34759
6558
14607
36212
28414
21000
22227
1979
33882
32824
18380
25061
9094
26095
21613
34734
30535
18364
5784
6152
14513
7789
5782
20542
1055
25333
34574
2206
11109
31569
19116
2144
1247
31394
9393
14124
10384
23948
10633
27631
1246
10442
1804
10125
2898
6054
25712
18923
32217
10549
35634
31029
33661
9939
15057
26412
11702
11070
14726
13979
1962
29941
25489
26427
156
23423
1834
4972
18798
13490
2050
25865
35160
10026
33367
1115
34726
26632
19089
21355
8315
22471
6322
18734
9974
5231
26498
4072
14782
31530
13804
30620
1565
1438
18690
8215
18682
24874
3423
5946
31480
33808
1896
27509
25745
15069
1771
34586
12138
7647
2598
34016
35007
27330
25913
6951
22423
25522
22444
34827
33619
1142
27277
27451
15108
3777
22935
18065
34311
1620
2305
2775
12747
1836
22320
6133
1382
21139
33941
10354
22088
186
1312
1570
25531
12812
30215
6907
13468
22025
14892
9707
10134
30777
22403
10339
24638
13605
2438
30402
35473
10921
36765
1182
10436
35611
29525
15006
23388
10521
27885
17671
22921
22666
7340
12988
34564
27424
9754
28402
10128
1958
36676
25378
27369
21768
6243
26067
13684
36284
23069
26670
35197
24634
28554
17373
35179
10111
10527
36530
24413
33264
35592
30064
35637
18606
11152
11739
21109
30802
18640
13925
13618
1772
15326
3100
31401
16198
35738
35898
6599
29867
1147
30683
10141
26538
13234
17163
6042
30303
7136
2909
8479
33427
3029
6242
10131
29543
30597
21538
28140
23492
25229
30018
10399
16065
36153
26333
33082
10654
9700
9873
22147
807
34710
30248
5612
14999
20077
18557
34943
10082
9340
6544
25761
17147
24285
26865
29846
30663
21545
10520
35973
1936
22161
23346
14421
26594
17557
35734
31022
25968
27539
9993
25057
9758
15376
1414
21989
10156
11652
34111
26619
22456
19719
33235
12213
34206
31614
25634
27308
23937
22738
17968
13420
14344
15042
19184
5244
17487
5193
31012
28168
11607
13848
31205
25781
26365
26986
479
6269
23996
26387
12550
26329
26685
9635
1535
30982
28444
25727
10033
35669
26752
14716
17501
14107
4058
26722
31044
33574
32735
22203
7258
23099
17202
36701
35237
3295
22475
35156
22185
23343
23484
27717
34153
5655
30478
2319
10704
18553
30487
6828
6323
27788
20742
13430
19088
26204
35119
3450
2879
13384
22540
2225
22544
1742
13607
2102
17905
18812
18686
12039
30271
14315
2676
2155
5534
6859
280
30870
34882
19131
31776
33331
36417
14020
5829
9721
24753
22416
171
3243
11472
11262
18786
15733
17080
17055
11250
5151
9506
19192
25695
23255
26820
10602
11344
10076
13483
14404
17960
18362
20360
26101
34994
5511
30310
26633
10641
18193
25198
21314
25100
19112
15138
14251
36753
29405
24688
22376
13769
9374
8793
36467
11173
31505
3023
31738
26816
35250
10200
29523
26439
10676
24557
27028
31310
11650
30618
35068
20913
5930
1173
18092
11258
10088
17851
26684
2072
3448
4875
577
17749
19121
9036
23288
17017
14508
28849
28546
6487
12700
13855
19446
14992
454
31495
3137
15050
33833
19881
6031
35803
2780
11563
27664
26651
5980
25988
24290
5598
22503
30653
5351
23170
6380
14233
2576
11463
32193
18915
14865
248
2121
27414
12150
31477
18290
33875
30965
10390
2462
12072
27297
35668
5843
10212
28681
34228
5934
29254
14360
2674
36137
13140
18485
17944
26735
27035
19477
2774
29896
115
35626
33616
2769
1008
17101
31686
27314
7041
17489
12536
11215
5082
34763
33655
36053
9841
29900
13853
20527
6254
11066
29715
26160
31807
11338
26912
28635
11163
32392
4297
9278
30123
17521
32364
14082
35579
32538
11019
1781
14202
15506
35561
14208
29153
20432
35654
6978
34164
2730
6739
5319
14962
26435
26490
15994
35429
31257
32356
13720
6805
1953
21366
2781
26057
31106
28139
257
31291
8743
29725
25374
31058
25633
18294
36544
9308
26587
2227
11217
36569
34562
14966
2768
25163
1838
14974
2425
31725
9333
34595
23103
12170
1917
25331
1069
24038
14543
5564
18325
7798
11744
20865
15728
9914
1139
22022
19638
32419
19287
31547
23800
14488
28108
14926
2670
9562
6722
15090
1674
32578
24751
3580
17732
9388
21324
12959
30554
26824
12045
3065
5229
35472
11894
21617
27649
22605
36482
10252
23087
28599
13748
30865
2829
17685
21628
13256
25283
25024
24703
21328
31059
31008
14366
31446
25417
12761
9495
1443
30909
31170
25680
33908
34971
33654
6593
27347
18565
33489
20825
31638
4187
15
14592
18874
35024
452
30818
26780
30007
22343
5692
13288
35189
1780
30344
24857
9007
33475
5292
21937
32749
8956
6163
6214
2822
34965
11762
31390
1073
24435
24172
4557
18717
36437
687
26560
30538
33909
29923
31107
6432
25710
28436
26743
31724
20717
29099
1944
33643
29729
32116
18782
11728
1669
1112
32303
405
17813
17580
10655
1153
6230
30492
3360
28953
29831
24727
17809
34730
34385
22771
5916
12737
27820
26966
20482
18455
33606
28798
33928
23032
35537
22103
18562
6453
23515
7734
31373
29832
27014
33186
10259
2220
17867
10604
249
27566
15293
24763
23153
155
1497
34449
18583
20620
9419
10954
13394
12687
7132
34457
36116
4119
11011
27531
21905
18336
25402
24440
10828
18764
2895
15427
4222
15095
14650
36570
12407
14655
27419
35540
36407
10273
6645
15290
2737
13849
13937
11884
17353
9734
34861
16379
6167
8382
30580
29926
22873
34277
30877
6116
20536
1935
20220
6073
29401
24417
22962
3058
35765
27842
36780
28207
34567
9380
22490
32050
6154
26906
10338
12070
30701
14030
21602
1855
10458
33113
20874
23419
22882
22301
9857
8638
2268
5099
2373
8794
35151
5284
30489
16155
27006
35275
35824
35741
1992
21960
1820
33607
10030
26374
10114
21565
6361
2226
10241
4087
34341
16867
18267
30377
32895
14231
22648
29398
27124
3433
3339
26622
22439
18688
10666
32704
14345
20965
28017
22881
34858
5438
34738
22871
5302
23284
36733
28293
2664
2913
4481
33585
17897
28586
34234
29536
24497
16669
9068
13296
12238
5158
14499
2321
6452
9780
32574
27512
9583
20978
3044
90
14097
31153
28034
1929
13335
26708
9810
9552
16685
9485
272
23234
18496
21620
27180
27602
29157
17869
30529
8090
14587
33494
27291
36430
27389
26501
28094
27141
26235
10420
26020
146
14679
18442
1833
19433
17780
3455
25914
22623
22635
238
33890
3037
23166
24766
6627
4335
20565
8924
22331
13356
3139
18309
7492
28
13728
34898
7218
7024
30631
27829
2543
15241
29324
767
26945
34399
25308
23256
27295
18510
10328
29776
88
32848
28343
1529
26386
18444
5654
20466
26961
29428
28282
32851
36241
10683
18996
16093
5228
2061
17180
21877
34387
15332
21008
18329
8499
15439
9079
6914
10306
566
31077
29984
26142
22616
13401
30060
30889
35847
3000
34843
35307
15201
10418
4218
5906
24923
22701
21820
35207
14262
9735
26877
420
17506
36462
31732
10996
28773
35711
26141
16021
2110
9882
35889
29442
2236
9996
26407
25708
4543
18072
11015
27580
10583
26314
13680
25590
35475
19170
7020
12793
15097
35968
17922
1943
13271
2929
34784
6495
21507
4940
26127
25795
28639
33781
10675
19207
5877
20606
10419
19217
24659
27416
35155
16376
9259
4788
5859
10967
27589
3910
6475
216
14686
2078
34702
15748
17586
505
24595
30017
2759
30010
35108
2696
20218
21226
20702
5130
23273
1653
36213
2763
21339
23838
17481
950
30696
28216
22795
17672
24691
18676
29835
14971
35542
30873
35523
21596
2125
18939
21422
14250
35083
19162
3733
22076
11875
1144
31551
20626
18439
15047
35547
11422
3316
9634
9665
13779
29109
10698
9704
1428
35463
35385
1070
19266
29421
26190
35482
30761
26324
4620
30807
15322
25051
16293
35186
16284
34658
23019
11842
119
18134
18163
20809
5710
19398
11698
22571
23528
21667
24447
5889
33212
22230
9294
10013
19568
26777
6264
13773
32107
19833
32853
27281
26939
19065
14936
28506
29875
14515
32830
23260
26924
8934
30628
14174
9880
3971
25343
31018
4902
9622
8894
10042
8314
2646
543
28010
17702
2642
8719
32671
2896
2308
799
29426
16796
18223
20492
2678
26540
31349
21578
10738
30768
2198
9737
31730
31389
12507
1818
4070
30593
34996
15122
15130
30977
20789
14180
24902
23558
35556
32353
29615
21155
11442
22321
10526
12220
20783
27385
9883
22543
5579
28323
10970
21113
32778
11854
8625
35474
11589
34321
35231
8452
11097
1120
6330
35787
24921
18711
22681
6997
29806
9658
16016
23026
1807
10533
11952
2147
1226
10956
31046
29920
13051
10282
35688
7507
18412
36674
4501
12379
18825
15106
24779
18275
24424
25730
23383
34514
34773
28059
25401
27708
20781
12190
19087
11224
25560
26734
13244
31515
36583
12318
17138
34862
21449
6029
23421
18806
21678
22371
23253
35851
12126
28564
26232
33319
548
351
36247
30286
1254
27526
3161
13385
19231
23003
29887
1566
22427
6306
15001
7061
30823
21653
14457
17703
946
738
21967
14638
27608
30934
6529
31802
31900
27691
2951
5510
8051
24928
35118
34081
14386
23363
21883
25375
27005
29276
22821
29799
31120
14129
3002
34903
12140
26328
9403
10425
7412
7090
31048
2374
12095
11018
2891
5441
26117
33454
8424
14964
28752
17049
6156
31486
26993
6513
7363
34487
27258
27115
12792
34114
10952
29834
5217
3103
17508
19318
30033
18331
4469
11446
21881
10500
10615
12269
25428
3966
20578
33869
33248
11229
32106
15100
31608
16236
13323
6611
25688
18579
35012
30639
17225
21942
17482
6970
11185
26988
15327
28705
29084
1688
15129
25693
21373
30888
18363
5215
15640
14379
24886
13978
35182
9454
3757
6818
30232
9137
1561
12141
5372
17387
14029
22329
30666
4865
4473
31344
11157
11491
28455
34691
25458
898
12391
26009
30500
35559
7153
34317
6950
14335
22869
24099
20815
27179
9217
8975
33594
23542
438
27412
26146
29661
20497
5900
31410
6569
927
36321
12636
26694
6757
8478
27460
22653
19660
809
14364
23851
3017
446
24987
12992
23548
33782
31601
12272
25342
34901
27673
24955
6822
5646
12444
15522
27995
8301
30527
21321
35674
30453
6377
5408
917
2716
11799
14002
11610
34593
36550
32557
18
24888
31710
436
8409
23138
19151
10489
32261
11955
30307
11671
7453
18478
11254
418
32660
25023
3073
24064
12350
13243
5226
4735
10245
31137
8831
17724
31605
27002
27669
6267
9238
31443
8211
29154
10867
30898
10790
11074
18188
26361
1882
12734
32138
32756
12918
4412
34329
4341
10440
36160
26759
13424
30861
18709
21993
7111
28810
11679
29704
9276
33684
21691
22672
2076
35191
3896
9441
14296
14747
6601
7350
26940
22974
9881
1846
31648
5634
10452
23473
23895
8056
35161
3363
36699
2937
2056
30462
8441
5225
35181
24712
33953
15144
26787
34037
15834
21576
23597
25817
22922
33996
3176
28097
25246
25895
19106
26260
2064
36161
19042
270
35693
25735
23259
4136
26970
36562
20444
13789
31541
31039
2521
9831
18593
30923
28395
5452
30320
30389
31101
18503
28199
10143
16524
14127
26055
36842
11697
31692
26137
14652
28067
21399
10302
29456
30928
15012
20563
27920
17996
34637
36326
16375
9367
9821
31161
9341
2923
5780
18111
18787
24154
1126
8318
2020
10705
1360
27640
16904
25019
14785
34056
29942
27642
22365
31529
9812
32031
18286
3449
35115
8219
32016
2156
11984
497
32792
28608
33701
208
1968
9437
22610
2814
11020
17568
2100
15186
24848
1430
26566
16646
31618
24554
24476
30284
7500
17290
27765
8963
8712
1572
24741
28757
2860
32876
27259
32540
6149
14035
15983
34504
29719
36604
9382
7051
9885
26963
2607
29176
36194
20765
1937
15817
30247
7151
2440
6694
6302
34923
14098
4659
6467
31512
25258
27019
2857
11863
4706
35758
25713
1176
30845
15031
23529
33998
5250
30874
25924
13474
13575
26590
1460
29208
25325
26542
17941
18114
18529
3270
32754
11196
12016
26245
14079
9964
18614
18580
1199
34017
22281
26211
32932
2560
8239
36011
27076
34955
31645
6961
5902
10171
22242
10783
8332
6099
12633
9202
16275
25521
13611
32346
31560
14808
30929
13829
32321
5887
2052
36253
17752
5122
30566
7034
11945
35055
2639
20250
18197
10603
34089
22678
23266
28364
27585
35606
1202
19097
23267
3956
30381
6028
19668
1793
4895
9028
28092
11882
5891
5684
22874
18530
30766
32602
7958
31273
10707
32760
35142
30368
5599
36710
1743
22794
31585
15532
13411
2508
26070
26835
30944
32833
20656
32064
1635
13400
5786
20101
16106
23508
26468
28353
26459
29959
9903
11664
22696
25620
629
1179
22414
27070
1300
22419
10423
26096
6074
13947
13493
27296
29801
17596
21862
29064
953
10939
26431
26990
404
28587
23249
17571
14084
31726
6540
22273
2530
10930
2537
29741
32613
33463
28476
19391
18349
12526
11137
35481
10232
30902
14628
9386
27063
24879
9840
14155
25623
21572
32815
29866
17870
18234
33633
8338
16246
7135
8402
14306
33815
22487
22064
22931
16272
18177
10598
6793
26604
17992
30161
9318
32386
18327
12131
10161
8413
22322
33216
26846
6466
32913
34871
34149
10219
20294
6300
34679
14907
28422
29087
29693
35171
5779
23013
1152
15719
18237
19916
11354
544
31086
31005
26524
25439
21705
30679
12619
22030
27306
2401
25647
10773
5290
24439
9167
21246
633
31362
28897
15026
1861
2865
18584
32561
35301
33966
11688
13345
13452
35403
4712
5592
7200
13324
6690
546
33030
23460
19862
28626
35037
2287
18475
17896
33140
4567
9940
26106
9595
16243
31453
14278
22184
23389
26952
32034
34095
17125
9899
18304
18481
16719
36554
31090
17175
6404
5668
4979
20114
14928
15063
21085
17420
16216
20969
26099
36534
33086
33408
6206
30773
1298
30288
4028
19084
27680
1588
1097
1799
10609
32927
20500
6234
14520
33184
24936
10487
31014
7831
23437
9790
26655
25990
1432
25787
10725
14281
36735
21038
16351
2603
20921
27040
15267
10403
14447
13272
25448
7392
6341
32962
21305
23186
26236
25721
19359
14888
30817
9299
31298
15190
21479
1963
9586
18761
36151
25750
20796
28009
30684
5776
6577
11793
23877
34900
26381
12050
34443
15238
18563
23929
22791
29467
12129
35064
21329
21980
35519
12775
34797
22394
22368
22687
31071
25863
16926
22071
34243
35315
35696
500
5659
14949
29547
26998
1325
30513
21872
2024
12124
16165
25989
9384
26944
29533
35291
7703
31599
20829
9005
17660
10796
10014
22730
25327
23045
12568
1594
10893
15852
28264
27617
12183
35568
11986
22156
31925
15868
24674
35811
2540
33206
20918
17881
6459
35521
3425
6493
16737
26484
24677
16489
24129
35879
8178
26741
21584
30668
25218
3638
1091
1735
16023
6700
34129
1876
30840
29746
27106
35613
21840
25233
27151
15388
27645
12303
11976
22626
3112
25644
2235
25330
17185
32292
30451
4544
25549
36642
9755
25345
31492
31366
11810
21643
35036
16124
2741
13212
721
22370
11399
13201
29253
21235
8458
31100
33557
10723
24999
10347
21753
10978
911
6053
18236
26625
24511
236
22831
10186
35293
17515
22381
35419
24756
779
34408
15911
23175
21382
12726
13254
27147
2824
11776
21728
26603
29915
36542
29791
25096
34431
12478
27440
16231
18699
30486
12496
36220
10064
700
34221
21286
13226
19326
18700
2718
21493
7531
25035
26076
13225
21367
1177
17520
31455
2032
5205
29474
19704
5339
52
5840
2079
15502
18556
13714
11527
26449
15386
17679
14333
19138
14240
18906
5265
25142
8651
1748
28113
23073
14128
36742
99
31217
36723
13735
18891
13940
25350
24120
27529
33132
10932
9782
9875
33945
21254
36768
29565
11165
3189
4941
6227
2850
8581
2074
11519
5552
6159
30784
20798
4489
27359
18747
9985
35476
1732
13447
22507
25398
16325
27550
32580
27614
5967
17640
16370
21968
1583
6011
24737
35180
13467
19490
25804
29790
36779
5761
29809
16624
18333
33125
18129
16315
34113
28594
24008
19177
25247
21778
34
9848
25899
35670
33921
11115
29673
14088
26795
36365
28268
29093
374
6239
5878
24702
1726
31234
3945
36792
22325
201
6416
16516
17179
30657
15364
21048
8601
20089
9339
5961
18654
10960
11135
15355
8306
22046
10045
28305
6559
520
2086
689
21562
7298
153
30912
26565
7779
1076
14622
28405
5366
10038
33333
24988
33785
33845
4598
22300
17206
33713
3719
28122
33771
21349
1410
27744
21542
9193
19115
13790
27994
1132
26532
23538
15303
1733
11994
22279
5285
28664
35641
16354
8870
25653
7710
1796
9084
24799
22577
8212
22174
1458
24058
29379
8770
17884
18616
22082
5397
17072
8232
10374
2608
6205
31666
21322
5631
1195
6321
35929
14067
34716
35794
33981
2435
18830
35919
18878
10875
33919
35923
29993
27065
34727
30362
9871
27935
11170
30391
31516
35394
34824
10169
28756
22927
3420
21909
23335
4770
36182
10766
8943
1822
27792
36344
12552
13531
6146
11693
21963
15787
22551
8746
22899
28061
8072
13021
35271
31528
14105
5951
11488
8348
7443
24498
8797
13768
7280
10263
10728
25262
36130
30001
2027
2876
1676
1103
18225
22727
36311
28326
28996
26758
15509
35028
6863
3045
28377
21520
20504
18249
3981
26541
3763
34906
33501
6955
7222
29314
34963
5109
24574
20110
11306
34235
27650
9521
11824
5907
34440
8668
28973
13435
35073
9409
7393
36329
1849
14684
14237
9901
27702
25453
28355
30346
5126
24454
36100
34098
15368
17260
27857
23185
1330
22058
9104
5059
11235
28597
24743
24642
34367
937
33059
1200
17423
14213
30262
12897
35743
20758
11603
13817
25554
27324
3151
28090
27987
34419
9053
33373
29139
10049
21058
6048
33398
24043
2352
4516
10300
18105
31185
19030
35149
1301
18307
13615
33252
27799
9085
30169
934
19303
20072
33657
931
16794
3538
130
27134
5876
13343
23365
10837
12082
27870
10342
11629
24505
3009
29716
31296
22966
28309
3532
11029
3500
13325
7663
34426
27445
32095
31910
26729
6959
11240
27004
9711
16402
8254
1234
18577
12409
18868
30826
14766
22599
35225
23704
15184
25824
26404
895
13807
26736
26564
26858
22428
5729
34890
25657
34765
3551
5544
14075
33974
31589
14246
31104
26904
30574
13067
2709
34294
5257
31036
34569
27593
14889
26066
2476
19416
28475
30645
11228
12569
2633
36390
8194
24919
12024
9414
16490
36255
35241
27483
22602
10218
8885
17184
18680
7849
16311
1083
6457
11374
33151
4273
9995
26892
10831
34941
12178
19724
7726
15034
31575
17311
9288
18489
11182
7106
36219
15311
10476
26363
25871
18506
13995
14701
20013
14419
11669
36767
14819
35306
7107
23903
35220
11232
27127
13887
23632
27557
33422
27172
35518
2663
35438
23671
32495
21176
123
35229
4842
31765
12119
13471
23418
32654
11261
29018
5047
36388
30458
15559
30046
8099
17939
23209
23517
