1077
1157
1186
806
910
347
394
1333
1267
286
1171
1201
1371
995
1251
1445
182
411
1011
1630
1803
165
1822
829
374
1972
1203
309
1507
1414
2109
1062
1204
702
1566
1115
1517
1873
1373
1181
1058
1258
970
915
1453
723
1451
859
941
1202
963
1114
603
483
2139
565
939
817
1085
26
61
317
948
1935
438
1794
1853
1185
1170
1779
1949
2221
206
1469
917
198
1341
1475
1675
2203
1562
1716
717
2059
1954
250
227
280
1158
1213
1035
1547
1192
147
2129
1597
1731
630
459
1726
696
933
1478
162
936
1167
2191
1054
139
315
1161
155
2111
1162
1005
2046
770
1845
1310
739
389
1470
1237
171
431
779
1885
446
1179
2132
927
463
597
490
1142
1422
237
283
523
1987
762
740
643
2243
1298
1523
536
1939
922
646
1026
2035
19
507
1003
243
1398
1117
1342
37
1787
1196
1412
1549
1929
587
418
2219
2101
1763
180
30
1528
1291
1314
947
2019
1704
946
510
1323
798
1488
395
526
902
542
1105
642
134
2275
1721
1818
847
469
2237
1477
427
1229
853
1067
195
228
91
1278
1042
1195
803
1977
746
1372
306
49
1683
1617
1246
6
131
1073
2180
1764
1960
1244
1921
766
996
781
1116
901
931
403
1234
68
751
435
1727
2276
1502
1855
2110
720
1830
734
170
1789
2259
2254
2097
1427
1236
560
2042
1070
2296
1925
2196
24
1260
988
1074
1491
2065
1153
1514
34
1574
794
1219
2026
749
1375
1
760
543
1508
2255
1661
304
2030
1887
1441
1343
1038
1734
196
2091
1989
2250
1563
257
636
802
1607
1765
1485
401
1898
2217
437
1922
1786
1631
2130
1979
1087
1276
555
830
470
1519
878
1642
1990
1083
1883
1530
660
2135
1835
716
434
1180
1166
1963
2270
2074
2094
260
118
814
14
1437
852
1457
502
971
235
1226
650
827
1442
1970
1790
1250
516
1216
758
677
1137
1614
1404
1498
975
1598
1693
2224
1059
1908
900
724
499
1826
1187
1678
18
38
1256
410
1482
2301
179
1679
2050
1732
907
730
81
897
492
694
886
290
573
1522
1838
2246
964
504
2082
583
2003
275
254
299
627
201
262
1699
981
1558
1148
701
509
1487
1464
836
1534
978
514
380
1215
1964
9
385
1103
805
1227
782
1995
1025
1533
1057
1081
966
1055
1754
305
393
22
821
1526
590
342
207
387
1165
1389
1556
326
1361
926
2228
2150
396
1232
1685
1223
818
1866
417
1610
455
1428
2198
921
2291
756
445
2143
1184
1206
1821
965
1338
2213
1350
288
908
1263
1358
1311
1109
107
1178
1309
1879
2253
51
506
1097
246
2186
772
1802
839
1022
1916
199
1486
487
1410
612
214
1805
1689
1722
914
2225
59
1997
876
1069
2048
1599
1426
1585
1274
1586
149
1224
1018
32
653
2214
2096
1449
1284
1592
1986
2157
1188
108
2010
2004
1572
142
1173
2193
340
1272
1337
261
2282
371
424
398
1718
1448
405
676
1623
579
1024
1440
639
549
203
2258
345
1644
525
266
527
1801
673
1506
231
1328
997
1496
1553
412
295
204
709
466
129
428
719
402
1280
1511
1443
2081
1089
617
43
1051
1580
1709
615
1626
2014
339
848
1221
1619
531
2220
1060
1636
373
2058
200
1421
614
2140
574
665
810
1330
1969
1425
1711
2248
1321
722
1279
331
123
1867
421
164
1030
191
1435
13
652
940
2177
548
1133
248
267
1174
1095
362
462
346
1981
1799
114
236
1695
2000
1596
1849
2256
2265
2090
263
1582
898
1608
27
488
588
433
293
370
467
1240
1746
616
728
664
658
1881
768
1828
390
2176
2054
1955
1571
294
2044
2028
1218
1360
1297
1255
780
1459
1169
815
1307
651
1183
359
156
881
1796
2210
1056
2165
795
115
797
1339
42
1938
2297
1094
743
1942
1874
476
2212
1667
2113
348
105
1198
1065
763
621
1814
1900
1266
1031
1072
1004
454
1902
1016
1554
862
282
205
1293
307
787
1020
604
106
1119
1313
657
1884
872
334
1129
2183
1708
800
2008
938
1715
12
2152
1615
216
1841
700
1625
1409
256
79
974
873
1797
1034
1946
1164
1871
1431
1659
144
982
1091
2124
1420
1966
954
1629
1458
1480
452
484
1064
2141
1340
172
157
1273
2195
1646
69
1719
554
592
2285
572
1957
748
503
1471
327
1951
1189
1222
1197
175
126
2133
1295
2142
644
1493
2172
1542
314
1965
1973
350
945
217
1492
1863
790
1214
1669
1747
2298
138
714
296
89
460
1154
1351
447
1974
968
1983
582
1857
413
1872
553
1397
1476
635
530
226
2023
495
2078
220
1851
807
571
1028
1516
1230
699
697
39
2302
808
1811
1825
683
2249
545
1736
2162
1423
1537
185
1982
244
1660
404
1401
2123
1579
759
1149
1627
2190
35
1262
1605
932
1649
2245
1568
365
1948
500
252
486
324
607
2207
1365
896
605
0
1326
259
96
671
1140
1527
29
1512
831
1810
1289
771
1650
356
101
1924
2040
1882
875
2005
364
274
1686
541
341
629
1134
891
1446
329
1436
738
103
1379
1536
443
1730
1645
892
1595
1430
1233
4
1917
1690
1827
1132
1369
319
540
1603
245
1809
1840
1472
1934
764
1804
916
784
1901
1505
1793
845
1756
857
99
287
841
80
999
1225
1282
1864
1141
508
2134
637
1823
923
1347
689
969
721
1836
2279
189
1277
1776
1892
1175
276
655
361
1684
524
70
691
958
505
2085
352
1952
1953
1127
1555
682
1385
358
774
344
491
1207
558
1735
1994
1664
586
1865
972
811
1968
1320
1000
82
1570
1415
551
77
1467
2149
2138
1545
2216
736
924
177
1707
1774
1932
247
879
1261
868
1541
1820
1666
1259
628
707
2222
2299
1235
1242
1345
181
532
234
956
366
1205
1465
1767
796
1733
854
1473
2205
1893
1271
1247
1006
1657
218
602
132
942
168
654
1539
1479
7
745
2107
1452
1616
1135
1791
884
458
355
960
2067
1738
382
1210
150
1068
1359
159
2303
1063
1086
799
133
192
1481
1080
239
708
663
1653
461
684
1829
1039
397
813
2272
1315
1047
2070
66
392
2156
2055
2192
1638
323
1703
1102
937
268
277
2069
1329
1146
690
2126
1877
1557
1807
2151
1680
679
1971
552
1336
430
17
1915
2021
769
53
667
1550
2267
1991
564
1301
842
1757
407
1930
889
1239
925
471
735
1671
1567
1071
693
87
1455
2227
1573
363
464
753
298
193
1753
990
567
2060
1602
1432
1252
93
622
711
2277
1270
332
1015
828
991
1463
860
1529
2024
1082
2292
2033
284
1712
1265
1049
1834
1104
2038
2115
710
1655
2182
1635
1367
2087
1705
1604
2234
145
489
75
1098
197
1334
2102
1292
801
1676
1462
2208
1209
849
2043
2173
194
1628
1819
669
1760
2273
1723
2092
726
589
1088
468
425
1905
2187
955
935
944
1852
2117
562
1945
335
2226
687
1017
258
1193
1120
1007
2118
353
2013
1521
1745
911
1509
1411
1552
1670
556
55
1194
143
2169
113
154
1947
1909
160
778
173
1172
570
1788
1439
2261
1393
86
1033
2230
219
1308
265
119
213
465
1956
672
856
1304
864
271
1656
613
1113
478
1014
343
1741
1926
1894
482
1324
44
792
1911
1419
899
1131
681
750
928
1759
688
1500
851
962
71
57
2018
422
1395
1376
1331
2062
871
837
303
1418
1613
2089
485
2202
92
292
1724
1199
2189
686
920
1518
823
41
2045
1429
1484
2001
816
128
375
2020
890
1844
559
869
1594
111
230
1862
1771
249
812
533
1355
2218
1305
1243
386
777
1944
528
436
2170
2154
414
318
949
1861
453
1294
1755
325
152
1744
1748
563
1886
1673
1620
2012
2063
1101
233
912
2283
1870
608
1576
959
400
1682
1130
537
833
367
1066
1044
1257
1143
515
625
1781
2167
1647
967
1217
951
448
1581
1364
11
987
1858
2266
1052
2239
2264
1761
705
183
40
1249
1363
2106
1792
2199
2075
1769
313
1182
1701
2158
1489
1312
611
1640
60
744
1758
328
521
887
1357
2009
85
885
2015
1860
1387
1155
1936
2244
656
904
1122
1444
598
648
1975
638
211
1700
1927
1318
1008
354
1168
222
2274
2017
858
442
1474
2057
2185
754
1152
715
2122
1009
1832
599
2284
151
1624
2114
2086
952
1652
755
1380
1176
1641
1782
539
733
2093
874
757
1633
1540
2066
279
976
399
2095
242
1200
1962
1584
1061
1839
1352
680
1978
846
2206
855
1383
544
1275
140
311
1928
632
2103
1931
1795
1609
1961
581
1538
675
475
929
1913
457
8
1622
517
765
1565
349
1520
269
1692
594
1621
1053
496
918
1497
1510
1967
2041
2163
698
1859
2016
337
120
870
1937
2257
1079
1046
1037
534
109
2271
2233
1045
1798
731
15
104
1999
64
2269
834
497
2052
498
351
1914
1335
1048
1648
2252
2175
513
2119
1824
620
285
1495
1817
1450
2181
1378
1111
1490
450
704
28
819
2029
1299
775
1750
1742
601
2281
369
2077
1590
1720
1106
1531
2240
1591
176
74
2197
2215
619
994
409
1245
979
1285
2236
121
1672
1396
178
1837
561
1386
1381
1405
1123
2247
1504
1875
1577
221
791
1107
94
1406
423
840
388
2071
1013
1691
2232
1461
2146
2121
1366
2084
1050
2209
1283
1501
1354
1302
692
2145
786
761
241
100
83
474
494
1144
809
2002
1525
2120
2280
1099
1768
372
1984
1888
308
2100
767
747
1637
1019
1147
1515
2088
2178
522
1665
649
78
569
1869
322
1403
511
905
253
2289
2125
1833
865
1303
596
1714
330
1100
229
1402
225
2031
822
1688
441
1043
1468
1896
930
1890
984
1075
1407
546
1374
877
1940
578
2160
1231
67
1634
993
383
2032
2034
1587
1958
668
141
742
2293
850
725
1891
1717
1036
659
1950
1988
2286
1643
449
158
1138
867
992
1729
1447
212
1903
2116
1041
703
264
255
2112
2201
2229
512
2159
301
986
2294
661
1300
2268
312
2251
913
1854
1084
623
426
776
1151
1349
1895
989
95
1296
640
50
1460
1698
961
1012
1400
2290
2022
1108
210
153
1145
1812
2068
20
835
1996
866
906
1762
161
1306
1777
1524
1390
1208
336
1287
1878
1150
547
1618
1980
10
1606
1092
880
2080
1770
501
23
1027
1001
338
432
186
2161
406
1353
909
518
832
481
1413
1286
480
1093
1880
600
1543
1424
718
1327
300
2295
1503
1842
2194
333
593
1254
73
2108
2098
1889
713
1190
1551
208
1394
25
535
1191
2200
2166
1548
1710
320
5
232
1998
1910
2073
1110
973
2184
357
45
729
825
1377
224
1784
1992
662
1466
983
843
576
33
1417
1923
2287
2155
1438
1322
1399
215
1868
1780
861
110
47
251
2027
384
84
1456
302
1241
1248
1078
1662
1831
202
641
624
888
1775
90
793
146
1325
270
985
493
1668
1856
1483
1639
456
2011
419
1264
2231
2164
1611
626
1288
1632
1578
1392
381
21
379
2179
416
1907
1139
167
610
1228
633
752
1253
36
950
645
1434
1808
238
953
2262
1316
1899
685
1269
1499
2260
130
1494
1600
2079
273
1023
1564
440
479
62
584
376
1332
1416
1356
1126
2242
360
557
76
166
824
124
1959
1847
1816
163
54
1785
65
1806
297
519
184
585
2007
1159
977
618
1694
2238
2061
1368
895
1561
1687
97
190
1029
1601
666
1904
1021
391
2127
2064
1743
321
1212
2148
2105
838
1388
1136
894
520
1912
2053
566
1177
451
289
737
2204
1560
1532
125
1112
2056
727
112
2168
1677
1848
1121
609
783
223
1384
136
310
278
863
1348
773
2211
2235
127
408
240
647
1546
1583
1010
2025
1897
2006
1032
1118
883
1713
98
2188
591
1674
1728
1920
2131
943
377
1433
135
116
1408
1737
1725
1160
712
420
1593
788
2300
1569
1696
439
2099
1943
741
2036
1076
2174
998
1589
169
272
882
1370
1681
1697
1317
670
52
368
2278
580
1941
631
1559
415
1993
1238
429
595
2171
575
148
550
1654
1800
804
473
1156
2037
934
2153
1319
1918
980
789
31
674
1815
2137
88
1128
695
1391
1544
1588
2147
56
1513
117
1752
137
72
1163
1344
174
1281
2136
2039
1290
826
58
1739
1220
1454
2241
1919
1778
63
316
2083
2263
2128
2072
577
2
844
1658
46
568
606
1783
678
1843
1382
1850
378
1906
1124
732
919
538
893
2076
2144
706
1985
1846
2288
1535
1268
1040
1976
291
1346
188
102
1362
634
477
903
1702
1090
1663
957
1125
2104
1773
472
1933
1211
1813
3
444
1740
281
209
1772
1876
1751
2049
187
529
48
2223
1002
1766
16
1575
2047
1651
1749
1612
2051
122
1706
820
785
1096
