2436
6757
3293
620
2405
4317
410
2580
7778
3224
3685
2044
4628
8346
5652
7404
8574
6377
1959
7781
5508
935
1566
1088
4537
3766
7197
1412
2014
7065
3867
2450
5157
9020
7302
9162
8167
348
1120
5169
1154
570
7239
2025
1372
3457
6348
1415
5116
5462
1446
3068
5158
8962
2717
4667
518
5913
5949
7272
6779
715
5224
1957
8509
1654
8507
8582
8601
6041
6080
5998
3300
3637
1394
3110
7018
3952
7938
5477
1327
4891
4248
1729
8171
1273
3008
7576
152
3777
7803
3049
608
4505
8433
7456
1983
7931
694
3167
411
8596
4332
8600
4706
721
4976
6267
2981
4989
3481
2374
4661
2018
1435
1595
4645
1885
519
3680
5597
5476
6838
8597
8391
2525
2292
6457
130
2974
6205
8955
3873
2856
6635
155
8290
4192
7911
3838
3519
5388
7401
6591
4672
933
4230
7615
7485
5218
5880
1632
3640
7550
4801
7792
140
3013
6887
7594
6975
8349
212
443
3643
6576
598
4134
6173
898
6369
8699
4385
7700
5173
4709
8420
7097
8529
4149
7812
568
6518
8326
1573
5
8245
1183
1644
2408
2910
3202
3276
6300
391
5281
7509
5097
6951
2942
1062
8612
6314
2246
1434
2822
4010
7464
9112
4133
782
8774
6171
2144
7103
7394
5254
6277
4664
3554
5472
1426
3646
422
2668
5534
6140
2657
1912
204
3513
2808
1180
7577
6828
7195
7324
9070
7582
2753
1784
1616
2176
6504
722
3283
8534
8636
1381
8537
547
5017
5565
542
3133
7987
5936
7338
100
6939
1813
7161
901
9105
2680
1083
8356
2418
5418
23
7621
8484
6886
6611
5409
1504
4255
5928
8419
6114
7221
8310
2351
1734
8286
3108
2167
404
1051
7551
6593
8804
1731
4453
8816
630
8530
5653
7862
385
3778
9106
4510
8836
8035
5248
2590
7082
9102
5522
6586
6910
4638
216
897
2257
8590
4545
4967
8550
4065
1932
2946
4790
3879
3895
3426
4477
3738
8639
3993
9143
8915
5987
4606
221
6261
801
8039
5787
8031
7315
6053
4578
7275
1014
4885
8519
666
9021
1465
994
2270
1904
3077
3053
249
4602
2496
4707
4124
3692
544
987
4889
795
3989
8579
6081
2093
5313
96
7146
1152
8426
8968
3168
677
4832
8082
2914
6006
1917
870
3493
888
4025
2297
4670
389
6215
8637
2223
8695
9191
9152
5314
2445
7617
3376
6398
5286
38
1974
3101
4897
7600
2296
1666
1870
5183
7852
710
7996
6907
8634
8826
5318
9000
1405
6014
7443
7623
8428
9059
2068
1229
5845
5555
4631
5901
648
8237
2650
7066
5271
880
5537
3729
1866
1795
3634
4479
7452
1400
3578
5342
3042
6238
6069
3532
3065
2587
1776
3284
8985
2067
7696
5277
6717
2925
7274
4481
7817
5090
4364
2182
6676
95
2760
421
3911
6121
6691
5710
4466
4243
2969
2017
211
6049
3835
9078
5531
7569
7123
3134
132
6539
9118
6137
8417
5086
7389
8048
895
6568
5146
990
3472
9027
2663
4021
4247
4045
1268
4761
8318
5310
2398
8128
64
2371
9124
7044
2771
2854
7552
4991
6036
1500
1921
4135
4484
7322
8401
7034
5722
1594
4915
5575
1316
2035
4122
1526
8524
1392
3490
2086
5056
6716
8284
4704
6560
2567
523
7659
3420
7671
2438
1126
4448
1498
3734
6427
5567
1474
1739
2460
5502
4384
202
4113
6046
6965
4946
3482
304
1589
3622
7997
5457
5606
5369
8332
2268
111
6681
4892
8007
3007
5978
2937
307
483
8072
5356
76
6626
913
7698
4556
1091
1977
7079
9072
6428
8249
6216
8480
402
6571
3396
7736
4159
1893
6260
6912
7320
220
1806
6767
1901
2316
3735
3317
7500
8361
4762
6365
623
5404
6079
6471
705
9101
4498
5107
1676
3861
2421
3521
2678
512
8647
6296
105
8402
1577
7329
1237
1218
4982
5191
4839
131
3027
5726
5846
8865
8536
1129
7675
5373
9031
3695
4543
8219
3025
829
36
5962
6754
5507
3351
226
6762
1331
6094
2360
5299
4269
2400
1240
4380
8624
8164
1858
4903
7310
2346
7240
2115
7271
5238
7437
1001
3190
4532
1945
5731
5448
5155
5580
3552
4132
6528
1158
3787
1098
7483
1639
2396
9033
6963
4121
3438
4130
8576
8583
6643
4738
324
5317
5274
6969
3483
4780
869
1441
6307
7730
5016
5812
2505
5791
3476
3454
420
2095
830
506
4423
4437
4758
3581
6849
8958
7738
8993
1825
7199
474
4341
1976
6801
8903
3626
9132
3891
7568
6555
8018
6336
2909
637
4062
9055
7610
6599
1150
4452
4798
4199
5137
7370
6696
6553
2631
5997
3515
1433
7744
3740
1477
3557
7127
1336
478
5308
7262
4093
2858
4555
1018
6562
3602
6355
6485
6366
2973
1164
2245
2581
2238
4463
8798
2407
6020
8119
7555
5954
4742
364
5612
5089
9063
4660
1456
779
7519
2329
4608
8592
5165
5335
3363
6807
4145
8926
5765
2679
1919
821
2467
4260
4658
3910
8054
6647
4200
6674
5916
2945
5862
6735
3206
4560
8918
8343
7270
1481
3122
2992
126
8491
4322
5352
7451
465
3714
5187
1250
292
5510
3171
8079
1902
1378
447
5437
5532
834
102
7476
8782
245
8395
892
5289
1693
2523
6389
6009
4201
125
7232
1427
2462
8871
7000
6522
6040
1534
2931
343
7095
5562
2948
2529
7934
6022
7796
2520
1379
925
1391
8859
953
3264
3840
8645
827
1190
7830
2480
5345
7409
1349
581
789
3208
8116
6592
5055
8659
1506
2724
8801
3973
3017
8642
4451
7316
448
2555
1143
921
7457
2265
9135
6920
8411
7940
8058
1491
4433
1102
78
4018
7406
3318
565
209
8348
298
370
6432
5095
8678
8256
9107
5958
4171
5685
5990
932
5964
2471
1374
7396
4418
3205
5449
3172
8742
7944
7256
3097
8723
1798
6656
6758
7331
651
4819
4718
5029
3972
7011
7611
3633
5871
947
5511
7422
4612
3656
2169
831
7701
5368
261
5177
197
5892
5648
613
67
2763
6208
2284
3415
5463
395
7384
1020
4969
4026
3022
5049
2532
4320
3424
6380
6988
1461
9095
4290
3182
9159
7588
1819
5961
5705
3851
5655
2403
8531
1612
4055
8467
117
8209
5083
4678
1060
944
5354
6534
8134
8928
1547
3267
7750
4392
8866
3836
3584
5821
3903
7170
4753
533
4450
2254
7893
6502
6239
175
8894
6793
5464
7109
4228
1950
3824
7120
803
177
8088
8652
6411
3160
3649
9182
4054
9003
6698
6913
2852
6250
7475
3683
9136
2841
6160
7024
5515
4490
7906
2424
3538
8450
3430
4190
1981
5250
1122
2501
4605
8684
5364
4312
6638
1667
5483
199
5505
8743
9195
8114
3
1156
6252
3488
6979
1099
9061
8889
7098
4531
2625
8336
1444
2561
4215
2447
5051
6090
6602
7975
4782
7336
8139
8863
7312
8368
3817
6908
5680
6328
217
2618
669
6468
3793
485
6190
8111
8944
1916
8913
8606
7203
1718
1556
6177
3774
8917
4712
8817
884
939
8540
8561
712
1513
4856
382
2267
5336
4996
1656
1419
349
1269
2932
858
6413
2152
4852
4438
1350
214
1979
6123
5120
1258
2293
1646
3292
7850
4387
4414
9146
1410
3587
3095
4349
2577
6423
6678
2719
8382
8959
2892
7335
4686
4919
8878
6197
2506
2656
652
7839
5432
6298
7716
1274
3432
3349
1440
1206
8078
7968
1125
6363
3496
3245
7746
2633
3371
3360
61
1829
6232
3446
5915
1402
8183
2003
1924
2107
6420
2926
4399
6435
3409
2970
4287
740
3040
2011
1253
5764
2857
574
3313
6672
6916
6248
919
5546
4945
5702
8613
3944
8050
8340
6583
1891
3327
6795
3385
4799
291
4060
7196
5959
2394
1792
3265
4542
6159
7592
2995
5099
8560
1335
4473
3758
2997
938
3236
2341
8545
1634
2730
8725
203
4023
8803
3214
3512
3897
3709
4788
1181
8481
2057
3718
3723
3661
6175
2882
4990
9036
3517
6360
917
3092
8714
7340
4125
8852
5623
1149
6262
3615
659
2114
3499
966
4301
7202
4389
993
2890
8208
1767
8270
4959
1971
3215
7050
8908
2373
8477
2950
3951
3573
7764
7525
5666
8089
2210
908
3794
74
452
1241
2824
4693
3165
584
5970
3648
6973
6981
99
3085
7870
5320
5773
4831
850
3913
2429
2160
7022
6292
8618
4300
8476
4191
8319
7495
5601
7144
8063
498
1281
6125
6130
1242
2806
6645
3331
1176
7798
5480
5729
1145
8533
6462
7291
1092
2999
4291
2404
5216
7512
244
6240
5966
923
3099
7609
5246
2266
2219
9
5989
3468
6356
2052
1830
5806
6998
4633
8860
5843
7831
5691
6727
4952
8012
4454
1726
8009
928
9141
1622
7099
373
2049
7090
8682
7684
5147
7003
1199
706
1061
6546
1496
7538
6499
1197
5732
8424
3173
8820
867
3370
5113
1292
141
5214
4100
3183
2884
7587
7213
5513
8656
2085
2337
3609
2062
7294
1347
5935
1428
3669
8323
5587
2347
7047
3720
3978
4859
7707
2939
311
6493
8964
8096
8549
25
4058
2683
9026
2478
6437
3905
8904
1586
5351
2564
8101
1221
2112
7431
4821
431
878
8750
5723
642
1808
3707
5863
5857
7381
3377
1119
445
6532
186
1758
5028
4829
5176
8564
2994
2582
136
1054
3464
5360
8874
4005
638
910
5948
7043
6921
5279
8445
1028
4482
8700
7204
21
2280
5700
5092
5923
7912
1293
816
1244
5837
7377
6584
4700
6942
2665
3305
7395
7563
3756
354
3033
6381
3100
419
3575
7497
156
556
8683
5259
6897
2885
3435
8845
7948
3242
3689
7548
6255
10
4760
6731
2055
3868
4439
4518
5921
8138
3138
1701
4262
553
8211
4756
5670
7325
6567
4942
3690
198
1559
1127
9049
509
8296
4749
7016
7797
5561
5635
1132
9156
9153
5917
4150
4624
3938
555
8740
8108
2571
2961
2621
1179
1103
6339
674
7658
222
2298
5911
147
8494
3271
5569
7772
1925
2785
7025
4573
4345
3397
2962
3919
5564
18
6594
8380
3597
6353
7718
1571
5595
2320
7608
8407
6245
1367
4579
4763
991
258
5950
6547
3009
235
7300
3402
5413
441
7833
1727
8808
5497
4236
8738
453
1038
1814
273
434
841
3636
2800
1485
2503
1499
8269
9200
6720
5860
1752
2171
5517
2996
366
205
2143
7866
7637
7537
4784
7157
7542
8381
3613
4428
4920
7276
2550
4039
8157
3320
5910
589
8789
3523
4089
927
1228
1580
4496
2064
8712
1251
6704
631
904
6495
5117
475
8909
3710
3281
7418
4241
2185
1399
4073
8266
296
4590
7884
8027
6990
22
3511
9037
2137
4273
4257
2279
1984
1745
8521
8784
8400
4425
4884
5025
6165
6099
4551
6636
3090
501
8855
6294
8100
1845
5931
4074
7286
683
534
3364
1174
4878
6774
2196
8728
2119
7159
875
3642
667
7295
3038
5703
4866
451
6552
5813
5744
1543
4245
2148
7227
2264
3604
150
4203
2512
1647
3860
6128
4901
409
4964
6644
2197
8870
8779
6743
5617
6834
6168
2619
658
6765
6570
4720
2150
1078
4974
2977
2690
896
8196
1706
3155
8810
8986
8800
1691
868
3356
4582
1227
5079
3354
6582
1629
3606
2583
138
3355
1497
3676
7607
5490
8490
6869
3434
1260
1214
8067
3543
5516
1259
6809
8127
2141
482
4123
4249
4057
6621
6506
571
8398
3772
6308
3125
8253
6558
643
98
3665
7650
8092
4354
8520
7186
6624
685
7440
6671
2576
7657
3379
7825
7575
405
3514
4726
7343
4324
8379
7793
6580
7049
1163
79
3724
8425
6382
5785
2153
6379
8415
9097
8098
6284
622
7141
2899
6728
2918
2546
1070
6550
2838
8076
8609
1562
7786
6531
1852
1073
2553
399
575
7733
3750
9050
9214
5943
4468
8922
7578
3854
1661
2600
3833
7715
5584
3004
4684
6585
2844
2907
4184
2991
8200
949
1592
5789
1375
3334
1599
6544
8818
3785
8661
4115
9120
3712
7970
8934
386
766
1230
9096
8367
2748
905
5856
7026
1507
982
260
1755
8643
6725
5807
6319
3732
8943
3884
9087
7299
4500
2001
7143
8748
1653
6751
8777
3198
4426
6709
1736
8387
476
4626
6525
6218
5075
1443
6701
4391
2780
5693
3508
5743
6257
6798
2651
7308
881
3566
1926
8802
3795
2723
6956
4599
724
5980
3749
374
6902
5297
5894
5156
891
5469
7515
7005
3526
2041
2886
2099
7210
4488
400
4502
8135
108
7260
484
4424
5770
6421
1910
4846
5636
6178
2552
1224
8547
1226
6071
3291
5891
7371
6440
791
3054
1383
2234
3024
7549
9079
3628
4034
7118
5793
5598
300
6299
9048
8442
6063
7855
2082
1762
1254
2483
1943
8300
4971
2613
670
7138
3197
8513
1319
4778
4231
5026
529
5794
313
6029
3593
629
8594
193
6857
4843
6042
1913
955
3742
8805
8581
7046
3506
4731
1678
231
8364
4007
1472
1407
4905
2212
182
9168
416
8952
6213
9016
775
1363
614
5872
3486
3583
3413
1883
3390
6287
2545
6402
9108
2437
6443
3865
4265
4935
8558
8049
1897
3816
8431
2309
7616
8169
1376
4648
5050
6281
718
7027
4646
6955
4365
5529
6513
3814
1942
1039
2889
2588
2104
3731
3088
8729
7460
8518
4585
5535
3177
5416
2381
3030
7777
8168
5884
7586
511
7132
5444
5152
5697
3958
2648
1521
54
1313
2783
3103
6074
1991
8660
2762
9053
6013
3323
4000
8992
1072
1357
541
554
2053
4443
9202
1390
5427
2193
5614
7606
8869
6714
9015
368
864
4465
8506
3213
6842
7266
1200
7237
1886
5752
3682
4202
5927
7327
8671
4694
2901
3563
3475
2921
2186
5023
5370
8975
5242
6135
3275
7029
8385
238
7907
6551
4420
3997
3957
7904
3987
7385
2851
6708
2735
5608
2585
3422
3298
5309
7627
7925
4163
1860
1317
3530
8184
872
2982
9186
4138
5084
4640
1169
6055
5762
6960
3412
8328
1757
320
5717
3225
702
967
3681
2334
7876
1790
1710
2786
7646
4449
3603
6791
4741
8541
122
4702
810
2608
2798
7506
2671
7628
6800
6792
7477
5754
2426
4939
626
2435
3810
4598
8112
7387
2836
5247
6275
1047
2866
6650
1875
7581
2570
1436
5957
1380
4472
2733
2535
4092
6087
8006
7505
4883
5496
5942
2549
2888
2285
838
1970
4436
5654
2361
3920
5225
7242
2094
3614
7703
5802
1285
5042
2839
101
8353
8241
1162
6904
8821
7909
2662
5053
668
1575
1385
2236
3547
8359
7187
8304
7865
3595
4176
1033
6016
1246
8640
6953
1873
3607
5195
4515
738
5852
6179
8957
5944
2830
6712
2367
1450
4674
6853
4152
2817
6463
3270
5047
5199
8093
134
2776
2713
7372
6812
8478
5027
3621
7647
2008
4571
8608
4416
8453
762
8605
4131
5411
8795
8548
7667
4251
7321
4229
2154
6633
2934
9181
2959
3904
5423
1256
7461
7490
9104
3188
9009
5678
1445
4148
8920
257
2758
9122
2253
1370
7902
8434
3332
3260
8423
5131
2491
1968
8947
5634
7767
725
4492
8708
5533
1097
646
3431
5181
4652
1576
3522
8487
1872
7705
8025
5143
1044
2929
5486
1536
1222
3576
9207
4394
1207
549
826
6035
2522
3131
6392
2121
934
272
3425
1741
769
1008
3304
3000
1817
2847
6856
4773
66
1021
9125
170
1019
5874
4226
6163
253
3485
4900
3285
5986
277
4330
7413
3591
1609
5786
4072
8230
4508
1037
4850
3226
8969
550
6773
7153
1535
4924
4314
1934
1283
8046
3185
344
188
4681
8734
6142
1452
5022
8339
1322
7248
4053
2358
5241
4713
8292
5571
6400
1800
7306
2558
2393
7813
2819
6409
8330
3644
3764
678
3441
2562
2326
962
3362
4328
2521
8718
3041
607
4792
4347
6286
2756
2998
586
6478
3034
6358
1530
4629
1862
2805
5435
676
3960
6827
1549
7524
1657
2594
4592
104
415
5087
3263
6372
461
8973
5337
6211
7468
1288
6182
1937
6733
8276
610
1610
3502
1272
1093
163
4444
460
7724
768
3921
4109
6285
4677
2906
3992
4504
2339
2317
5514
6677
5134
7523
2
8393
8441
5231
2804
4836
321
5783
1935
2127
790
5838
9006
4396
2782
6929
7304
6604
2895
2259
4966
8075
3086
7699
5447
1947
3828
8897
4719
2877
2983
4224
4647
7507
303
5945
5841
3930
2214
5859
9208
6085
2941
7903
7648
7963
2038
5124
1346
2209
6631
3161
4189
8569
2640
3456
7357
2325
6399
836
4546
1478
6172
6806
3935
8492
3057
5498
985
5249
7726
6126
2047
3384
4063
6426
3489
173
3288
1648
1280
8824
316
2747
5326
8362
6289
7845
975
2350
8408
2470
8587
1598
3663
5221
5883
8739
6129
2366
3843
2387
2207
7890
3123
2940
6220
7245
9119
697
2745
4701
1065
3659
8757
6422
5284
2848
3081
2853
6477
4759
4864
6066
5795
8216
8668
4985
8629
1232
3565
8912
7449
72
490
4344
4535
517
5365
1488
6230
5257
8488
6148
952
4456
8142
6164
2560
7369
1628
7137
8225
7400
9185
1159
6719
7789
6788
5704
5473
5261
288
6152
2773
327
7214
8864
6684
7655
1492
5045
3737
1157
6617
5995
5796
1510
5642
7251
2524
8105
4238
9074
2488
6699
3698
6906
2472
7463
1724
7638
1874
6158
4397
6393
2441
9110
1248
1085
1063
7060
3477
3967
6151
5858
8622
8827
4178
8689
8154
5239
1986
1853
2355
5832
5121
8190
729
6451
7106
3948
1401
4940
8311
7147
1713
7574
6875
6651
5804
1564
1166
4256
2787
1306
250
8867
6149
2281
1855
9024
2211
4046
5725
68
4333
1337
7520
3386
1464
1882
7560
8386
3212
4764
6321
7288
5421
2606
2384
7481
1923
1787
8724
3968
4059
7941
5631
6305
5098
9030
3261
8042
6941
6706
5955
7470
7765
5269
3943
8940
538
8679
5151
3792
1177
3898
2653
7535
6896
899
5362
2233
123
1709
714
1635
4162
6415
3908
6655
3768
8793
3308
4321
2812
3279
1815
5243
8188
8148
3195
3765
7130
1956
4223
8036
5973
1785
882
7530
4404
3005
1940
439
8260
2410
5332
3775
