4065
5089
4218
413
1439
8290
123
4826
3074
4861
4740
5185
3422
2
5917
1784
3201
5850
4423
3306
7137
4511
4152
4225
4195
5181
1375
2047
5445
5598
1243
4125
5149
4199
378
7487
3419
8161
3803
4127
3363
7140
1146
5119
2374
5425
3801
5221
8516
4505
3330
4247
5894
6042
5013
1435
4098
1508
5923
6486
3421
1617
1369
1223
1147
4401
3181
1604
1633
4068
5203
4286
763
3230
4485
5025
5054
7456
5018
7275
4806
9026
7062
3989
4192
8410
4420
3377
1087
5954
442
2630
7290
5219
7582
839
5610
5277
1055
5539
5529
3758
5630
4069
1025
5405
3262
2880
4445
2182
4784
3096
4287
4154
3930
4487
1139
8510
5189
5218
736
4642
1616
4510
248
7136
3297
1414
5318
8702
9085
6037
5945
1733
6785
3870
993
4238
5099
5761
6537
1159
8191
3195
3997
4769
1529
7971
2016
4383
5417
3545
3197
3416
5969
5826
1930
4001
4099
4409
6372
4167
4203
3543
102
6495
4921
8028
6550
3783
5667
3846
8746
7512
4823
3939
7300
4416
6117
4899
7029
4415
1504
5795
5467
9053
792
6538
219
7519
4945
4161
3223
4546
6179
3461
3354
390
1416
70
935
4157
4163
1899
90
2957
675
3766
4915
3553
2017
1610
2373
2111
7281
5262
2353
2808
1424
2541
4737
602
5696
7264
7638
8794
4828
5446
5278
4893
107
8349
8806
7929
7393
1384
1731
5155
1131
2021
2435
2023
4822
6973
4263
4643
8324
6634
8924
3549
4447
8189
5852
506
2496
8682
3206
2759
3903
4408
3079
7557
3294
7265
7900
4666
6365
3345
1605
4528
4131
4219
110
1767
950
120
5374
5507
3104
2043
6263
6301
5223
3182
3091
8925
2844
4029
7429
8173
7446
404
1874
1311
4855
4347
165
1281
25
3175
4254
877
511
1374
1901
6273
4961
7870
4601
7004
2720
4253
6253
7197
4082
5162
1625
8963
1481
7583
6343
5061
7834
351
3293
4483
3739
7173
5216
2680
2805
1749
3392
2758
4441
2172
8006
3069
4980
2040
3527
1316
7273
3614
1745
4741
6491
3648
5885
8237
1985
3770
1570
778
6909
3410
8698
7169
4572
61
5531
4491
4434
4611
3369
7482
5316
4421
197
6013
8082
3981
7049
8253
3194
1220
6435
1244
8326
2168
4803
8490
8167
96
8576
6466
258
1634
8643
4354
7597
3677
275
3807
3805
5924
9197
8299
131
4575
7102
1920
4214
6302
8297
6403
1151
4518
6363
9054
7193
5239
6988
4927
338
5220
875
6600
5418
1215
1472
4524
4710
5341
8216
2155
4243
507
2827
1760
7999
1941
6165
1688
4334
7056
7493
2412
3936
4245
263
5995
1885
5015
6251
6146
4288
2898
8549
1520
1783
2145
1979
5477
8533
3991
4375
1051
7079
7278
7154
323
6241
3596
3462
7229
7025
6294
594
7287
3782
1561
1046
8739
5245
3459
4576
3059
6030
4535
2345
3109
387
2025
3956
8876
5227
4481
2064
385
3204
3455
6471
7924
8762
2383
2594
8012
1925
9086
8858
1571
8075
2628
7283
2246
6969
1990
824
1910
4725
5533
1121
739
1119
4944
548
4064
5846
2814
0
6122
6272
1905
3799
297
5005
7711
3313
7574
3359
1489
388
9182
3121
391
1887
3745
5098
7558
3598
7738
3628
5373
5487
3963
4955
5732
4954
9114
3229
2090
4644
4215
3399
1653
101
1849
8176
5151
6023
3595
8352
3875
350
9074
3485
8901
6493
1824
5051
933
592
6609
1120
5093
3423
3179
166
4000
1543
3920
426
7630
6168
4272
1419
67
5763
349
483
3302
6249
8867
5237
9188
3585
4897
7652
2795
703
7676
7451
7203
1286
4891
6187
5853
1827
2622
7005
2399
291
3946
8025
5104
7310
324
7579
7155
6196
153
3740
2773
3045
3820
8939
7844
7815
6941
4923
1172
2488
2873
8350
4952
8815
5165
8302
2882
4202
1695
6334
4896
8580
6864
32
5248
1125
1913
1209
6913
411
6978
2398
5045
1510
4291
1343
5334
1262
4250
4498
1933
4459
29
3035
4030
1290
1282
4393
5182
906
1495
4270
3742
7277
471
22
7775
1442
7916
4059
4497
420
7266
1293
2896
987
1762
2465
5570
7623
4406
780
1786
3714
5249
4388
348
6809
4708
2579
6
5238
7192
6045
6829
1339
2263
585
4785
3901
6944
4519
4148
5508
6359
3718
8118
1523
7671
6851
1
4858
3780
5982
1219
5261
7051
3040
5006
7858
1221
6468
2678
5804
2646
115
1402
2479
8868
5847
2247
6143
8050
6542
7001
35
6033
1043
8629
9046
1825
2372
593
5458
8318
3406
4544
5880
5343
3812
4461
3441
2393
2296
9120
3701
733
1187
3192
257
4455
3214
7354
6307
7296
4677
6051
1431
6745
4211
952
2222
1329
5280
400
6109
917
7567
33
4989
1049
2459
2914
476
4260
3583
3703
2688
1770
2705
8047
3335
1080
2611
4895
7573
5848
4560
3170
6036
1567
423
4970
4503
833
1064
4808
5750
8922
4159
8062
4802
1426
6464
7074
8288
415
3777
7677
5157
1693
7444
3949
5106
3929
1346
4284
6044
5226
3833
5887
2978
3128
5916
5511
1155
5981
6532
6349
4034
5975
1843
3166
5607
6612
4438
4782
6306
8270
5372
1433
2765
126
1037
731
2224
405
2777
4563
1371
3940
6373
4323
8097
1857
2073
4876
6573
3356
8259
5797
2741
3551
6942
1021
663
5188
2486
6169
4479
9213
706
6808
8334
8032
7356
3300
951
1114
8514
7195
7284
8990
7913
6793
1017
4495
4910
267
6617
4798
6707
5415
395
7044
134
2415
3303
184
5569
6620
1988
4446
3967
3203
2116
1710
7552
1198
6257
1530
3396
3778
2205
1793
2137
611
7748
6936
8668
2468
481
1795
4011
5978
2143
389
1869
7600
4615
5663
7549
5785
9179
2526
605
6295
3199
5491
6827
7160
4187
8415
7054
3869
3971
6914
887
5525
4991
191
5986
45
4206
4111
8880
915
4382
4367
4221
2724
1234
1279
4985
6751
1517
7399
8197
8010
4403
7945
6191
1145
5158
4169
3047
8903
3871
4119
4002
6566
7460
1613
6774
1389
4920
4264
9210
6975
8571
8578
2657
5942
127
2937
8602
7357
6947
7826
4992
3435
7809
7141
5483
3273
1312
1101
3691
8798
3709
9097
5786
7975
4914
930
4795
4006
7812
961
2378
541
7495
5178
3965
3775
6171
7508
4715
3089
7658
1474
8634
6151
1274
7267
6543
3635
3025
3767
873
4973
210
2793
2197
4275
4166
676
3674
7373
2049
1321
8674
1233
5293
3450
8801
2819
2386
4659
3852
408
6116
3645
3287
2105
850
3146
8475
1227
1654
707
3437
4774
4703
3827
3899
2757
2886
1491
5735
4606
6720
8366
4969
2897
8487
8573
8080
1952
6902
4278
1753
4106
9112
2708
2070
6009
609
1949
56
6722
3320
7822
5464
1112
2546
7939
7239
9215
4349
8073
2189
6494
6489
8260
7388
5233
5168
1461
7425
746
3747
7072
3578
3980
2136
3470
2445
3686
5378
7288
4791
5703
8084
1812
5855
3832
4038
4709
5889
7693
3945
4951
869
4387
8314
4377
7326
6814
4835
3218
2944
2823
6126
1727
5215
5251
4379
2925
728
6509
1675
7685
7211
8833
7325
3990
5230
8542
242
1953
1900
5117
1820
6921
5638
5706
1500
7554
932
1536
1776
1462
4426
7295
2933
7150
162
3523
2992
4522
8310
7564
4947
1724
5463
776
2964
3080
7594
989
4886
2067
3312
7553
4315
3993
9104
7885
7414
7937
4130
9115
1975
2154
72
8211
8612
7457
8898
4318
8902
4762
2463
1947
1926
3261
5349
4191
6389
7581
2471
1361
5892
2779
5806
1231
8954
5690
5725
6614
4507
6695
6351
2721
3289
1703
7118
4205
6269
6413
5557
8086
2922
203
3036
5868
1477
5183
6060
4399
1962
7702
4078
8883
629
3781
6340
3713
1141
1507
628
4852
1143
4043
9040
285
1521
2190
4126
3265
502
7909
3672
3890
7305
328
4213
5116
27
2668
5134
2290
7817
4422
2467
1502
7000
1412
6657
2005
1568
7375
5755
3414
9134
2748
8761
6463
4609
3487
1403
8577
4689
4398
2397
6077
2663
7965
4290
5409
6427
2562
2297
8183
4917
6374
5179
945
6394
3808
1250
6198
3133
5530
4598
7172
6201
2151
398
6091
5618
4227
5276
1372
8489
8196
397
3994
574
1437
2988
6599
7888
4380
5876
4602
6767
9194
8246
2026
2742
7122
4062
5926
2305
4884
8865
8631
1255
3557
4706
6254
1799
2099
3464
5408
345
4856
7672
921
4848
111
8170
3483
2963
6103
4734
1800
9058
2695
7852
8254
6637
7202
176
7679
129
7035
9030
962
6753
5253
7364
2243
4139
2599
7513
5849
1626
3536
255
5580
4790
1831
7486
5687
6451
4621
8511
4303
7526
6078
4674
1791
8389
7188
6640
5702
7083
3800
4568
3622
4094
3927
66
6246
6706
8940
8561
8766
6769
6733
1062
8484
71
2034
54
1203
4972
1348
3616
8769
1081
5572
6432
7255
8595
8126
7422
7355
1454
4350
4692
2703
501
3131
5903
7501
2094
5269
4538
4262
7845
1789
6434
926
7767
7130
327
3110
8378
1639
4997
5272
5484
3576
6286
8592
3976
8726
5254
810
1914
7367
5482
133
2692
6849
5009
7877
4143
3126
5589
6226
580
1015
148
7713
7311
4632
860
8651
8432
6669
5403
8217
4089
4356
4898
1787
3692
2756
7547
3923
8650
8522
382
1657
2997
3723
2509
3884
3935
848
9163
7405
7158
7297
6268
556
8981
8933
4115
5670
3398
105
9143
1388
228
6366
3019
4647
1330
4591
3213
2618
143
3014
5776
1192
8874
2669
7490
4128
2580
5558
5997
2272
5958
8736
6094
6907
6010
5257
4216
1254
1624
8486
549
6905
6029
4433
8035
5878
4208
7409
2545
4732
4837
536
7008
8547
7940
1068
7428
1184
1287
5867
8282
6145
4026
4061
4326
6193
8737
7358
2506
4257
6577
3124
6181
439
1370
2661
4242
4378
533
3122
3845
2739
4561
3021
7184
4694
1012
2951
510
7263
4456
2653
6084
7714
607
8961
6896
1443
4320
8449
1861
2132
1294
7853
9137
7511
4995
2704
1746
5068
4193
7090
4458
7737
650
3221
4014
1973
337
8412
5356
5721
2162
6329
7569
6690
5113
1954
3180
2491
7773
5751
2595
2268
467
7282
4296
5674
4355
5540
4838
649
8817
8758
2077
4097
633
1729
1091
4463
232
7397
5506
221
308
5639
8624
9166
4224
8605
5501
990
4971
2406
3973
724
755
8381
5090
4346
1531
7010
4321
7915
2333
4418
6450
7715
288
4595
2171
3296
6400
6025
262
2235
7791
2273
1866
4903
1094
8654
3076
6438
8419
8811
3005
7058
4342
3933
3829
6759
1823
6633
2700
8093
2550
202
5697
7926
7213
325
5413
6522
2362
3198
9108
2650
9198
2255
5039
4300
3006
7016
8735
3685
4919
7653
2308
7897
3942
8795
1407
7654
1177
3928
5034
4210
2079
7107
8832
8252
959
6791
2318
7989
5956
6355
340
8469
677
190
7235
6361
3008
4394
3654
16
1364
8141
220
5779
7466
7621
6209
726
3067
8730
9201
6823
1854
1270
8849
5613
3502
4541
1183
5602
7987
5335
4294
8298
5716
2656
5515
2966
898
2816
5294
8061
796
2030
4807
6685
3387
2598
698
4697
635
3639
6916
4770
6442
2826
721
6786
58
7760
671
7123
4825
837
896
6414
4482
7746
1176
8891
8033
8778
472
2834
5568
5617
4902
642
8676
5433
1771
1974
3707
2083
5242
6470
4723
8462
3988
8119
5392
3643
494
4273
2515
3431
3853
450
7973
3602
4306
1804
7261
9148
4796
995
3315
5011
4831
8241
1194
6265
2614
2498
4165
1060
7189
3178
1569
8029
7509
1780
5024
6625
2122
3155
1130
7
3894
2363
8085
1673
3896
2266
7026
1347
2035
1496
7368
3955
1010
4817
2754
6950
7345
8784
4174
5554
8304
48
7536
4486
3804
2199
983
1811
696
3848
7105
6651
992
5693
7680
3921
7348
1190
6005
2822
3554
8092
74
5127
6757
1810
7610
2755
6996
341
4844
1421
1575
5752
1295
1127
1573
3488
6482
5695
2979
5184
1338
5743
2220
6865
8699
3098
1494
2954
799
4185
3522
5773
4292
711
6093
8406
3358
8607
2928
7319
768
4900
1298
3269
8670
3675
826
3308
8679
4879
7668
3809
42
883
4860
3454
3097
4411
216
801
1909
1115
4223
6513
1911
8399
4337
2240
3238
4113
6422
1014
827
679
39
4369
3818
3319
4285
976
6325
4626
157
3710
563
7120
7618
6547
8353
6448
3145
5287
8656
1208
5920
2649
3687
4623
3650
4949
5741
3802
5495
6770
5949
5991
7525
3113
8053
4332
3530
5661
6662
427
3174
6129
2934
5386
5224
8488
5933
9075
3608
5952
6679
1042
6385
5961
2327
3895
5307
9077
942
4827
6401
1026
2821
7566
491
3362
485
1016
4501
3626
6939
5550
1741
8948
1919
7857
326
8015
8517
938
3843
5379
5937
6605
5252
3279
1672
4056
5595
214
5050
5739
3569
3355
3264
5620
2357
1519
3071
9034
908
1607
5718
6262
2128
702
5563
5111
7418
9052
1642
5213
3318
6426
6291
5077
3982
1630
9113
576
1344
7506
201
8248
6917
8941
7675
6564
4281
490
6480
881
396
6845
454
4673
4956
2063
3226
1029
1912
6904
3148
3874
6002
7476
6430
6531
1071
2460
3567
774
3139
914
5521
897
1937
3490
2244
4941
9184
1288
1548
8808
3451
8022
2540
2004
1822
259
7007
871
3746
7108
8593
3436
5234
8909
5301
6787
4726
9049
8440
7168
7431
1376
189
2442
8972
6061
9102
2457
1872
429
1242
2643
383
6014
3772
6056
8797
7802
9071
6976
8821
821
1763
452
5993
4439
2464
2066
2381
4824
2996
1031
8418
8897
7047
7194
4430
5083
6892
9106
5125
8262
3667
492
3587
7825
3938
5296
5673
870
4054
3914
3891
2146
2534
3380
3737
4714
3283
3731
6526
3704
5793
3494
1053
6379
6281
1694
3591
7043
692
8652
2279
80
5873
4370
208
4325
5304
2093
6772
4773
6540
4050
6717
6508
3862
7499
5915
9045
2078
4075
4217
3374
6741
7572
8850
3589
1001
436
5832
8644
2166
3847
4881
5535
8376
5886
457
6569
809
4041
1246
8791
5659
300
1423
8099
2833
7321
6111
6331
2778
3484
8340
3393
3658
8647
8497
7911
7786
1842
669
5520
5964
9154
6881
785
2788
4448
7243
1048
705
4929
3344
3671
7474
7064
5038
8703
1623
4530
7106
7875
6744
4310
2336
5437
1357
1897
5345
4142
4289
3603
3078
7078
3186
4081
135
2489
4390
5469
8038
2572
5133
4231
5717
890
7810
4794
4279
6831
3215
1515
1490
2750
8087
8535
6533
3641
2516
2126
2624
1205
7387
596
6711
6453
3754
8763
3683
2512
6523
4095
4256
6376
7650
1362
7925
7330
8826
2745
6726
8842
7640
6028
8180
7561
2419
152
3586
8790
4625
3883
1324
8751
8344
3402
2194
366
2806
1908
3467
619
7121
2388
2848
7576
8942
893
213
3385
5830
7805
5397
6064
8935
4555
3094
6802
2981
3020
8414
2038
8127
5828
8513
6390
1681
4699
4930
7065
5172
5553
7703
4986
5642
3220
3123
1593
7718
5509
9187
130
2501
700
2995
2148
1830
7124
6539
8875
1480
4558
4348
1074
4913
4566
3786
7439
3931
4490
2267
7537
4728
5217
8251
5591
7006
5399
986
2535
4964
2339
4051
3932
5214
2150
9023
4509
1059
6006
7843
1547
4419
521
6141
5884
886
7391
9116
103
3137
7463
8856
1027
591
2500
6342
234
689
7483
2679
4158
4104
2174
6926
5101
108
730
3855
8604
7829
6870
4977
6997
2980
4460
6562
6724
8091
1664
3427
4675
1090
2660
5391
3256
6585
8927
5556
3382
1002
5748
2024
5246
8597
7784
8463
6982
1299
6548
7991
7832
470
8661
6292
6085
2948
5461
1862
2340
8582
2492
5194
1226
4840
3525
6131
5813
1297
6118
44
3077
5538
6568
7175
7177
2615
1483
3974
3864
4727
3046
2504
4302
3239
1735
2917
2905
7864
4850
2408
3491
336
4645
7469
8694
1126
8799
6570
4537
2585
2866
2156
4087
8229
455
6819
7070
2201
8402
8154
3693
5434
6730
1850
7153
3314
6506
4339
7386
406
239
419
5171
3231
4747
6465
8390
2853
2071
465
1485
8560
6496
8588
5765
2065
2271
5059
140
4425
5774
595
3346
6875
2022
1039
9209
2637
342
1150
2815
1732
9001
4685
4634
3304
13
2801
222
2530
1285
5419
3926
5208
8435
4755
1377
8585
6232
3307
9159
4240
7612
8204
6192
4395
3555
6661
4402
3222
8861
6877
159
5559
3350
4464
7270
5000
2135
6697
7921
3970
7774
6857
5555
6664
7681
1805
1734
1387
5057
310
2532
566
513
1968
1612
3642
1629
5075
613
5012
8598
4871
3471
8194
3978
3102
5137
1096
173
6868
4638
5854
889
5108
85
3568
1537
8442
8700
8648
8936
7218
8989
6172
5532
8088
3821
3653
5931
7309
5901
9041
8446
3038
7349
3830
2165
1976
2749
6876
725
4236
4088
766
1196
3042
6397
3082
1566
1253
6021
5139
3912
6166
2973
7580
3183
5367
7622
2253
1345
6817
573
1251
4983
1486
8753
265
7647
3708
8199
8774
4024
4101
8912
7727
7338
8065
2226
3630
8693
6067
918
3073
4937
8926
364
4175
6571
640
1337
3666
8331
3840
4366
8158
7227
8144
1129
6807
4417
9094
6228
9214
6096
7794
5455
5102
3550
3234
3372
1103
8896
7649
2888
762
5020
2965
1009
5319
5845
1991
832
1652
1110
6608
392
5376
3621
2883
8
8671
3959
7149
5627
1586
1359
322
3762
453
3326
3784
7793
6231
4696
7591
8335
2191
1958
5086
3798
6113
3512
3274
2301
2691
5925
7747
5729
6419
1939
7533
4587
4132
5271
1532
8997
6229
8603
8980
8563
4553
6788
2167
6357
1833
4918
5837
3632
3634
668
2238
3235
5921
4589
3340
3430
7770
8675
4513
1264
8407
6454
5652
3173
4364
319
7542
542
3432
583
4341
3790
4839
559
5388
1303
5361
2621
7237
2841
158
7855
3310
965
5869
8765
1594
4582
7442
7308
7206
8632
3592
8098
3837
6317
