7262
332
3404
6398
810
2295
7334
3084
541
4935
196
1280
3041
3325
5989
4963
6357
7810
4257
5941
8135
7393
1816
7381
5569
5469
6202
6466
4634
7653
1373
7163
1336
2397
7500
4738
645
5534
3274
4260
1541
4321
6313
2869
4428
1243
2803
4544
2896
2363
362
9191
7057
2790
7931
1128
7111
2951
6362
5085
3468
6173
4352
6265
4453
8203
1748
9027
2662
6546
7386
484
7706
8781
8773
5376
8955
3133
3175
1508
7370
4333
2824
3441
3448
5984
3165
6592
3974
7394
4313
5560
1568
4091
2304
4442
7997
1502
8122
7179
4892
2386
5835
2301
8855
2510
2498
5113
5862
4314
5224
7646
5712
2497
3019
1362
811
4445
7843
8670
2118
3388
4545
7892
5710
1987
5058
8149
2590
2539
6346
2576
3394
7344
4579
7332
4343
2298
1121
8679
7321
6596
9159
6211
6345
2346
1515
9013
8828
4839
6731
2333
7874
7083
2562
6935
6283
6187
8075
6533
4995
6590
4510
301
8731
1356
4930
4422
6329
7642
6784
8099
4108
8254
6851
7943
1386
481
2829
9141
513
6372
979
919
4761
62
5036
4186
7788
5587
4927
1407
1271
4317
5089
2015
8156
5678
6183
6066
4449
9146
4315
3882
3217
5909
8420
6877
8
7834
6502
4887
4760
1791
5447
7948
5030
5357
3153
1855
8579
4925
6437
7784
636
3834
6020
4223
3524
2152
6017
8184
8718
7289
2430
6947
2354
6318
7476
1538
8199
2591
2399
8332
9198
5904
4716
4729
1360
4837
6115
2917
4170
3767
5990
3261
2183
3867
7508
4301
774
2912
8750
6635
6622
7557
343
8345
3940
6397
6846
4643
1113
4415
665
525
2041
7637
6765
2017
5337
4511
8417
3685
6982
9109
2969
4741
4763
9017
308
3610
8868
8625
588
144
4800
6003
8632
7304
5994
7789
6054
9092
3525
6762
7101
5753
8253
5666
4277
7422
6021
7621
5624
3212
4475
2754
3430
4198
487
1820
2832
7964
4775
5139
7490
1808
7899
681
7612
1094
401
4266
3309
6618
4888
6728
6393
4191
6902
98
1731
6702
577
8953
5551
7770
1409
9162
5552
2006
2009
4239
5709
7581
3886
404
1293
5671
4492
366
4051
8577
6476
5945
6613
2461
7681
7614
3201
3374
3098
2926
2371
1797
5880
4262
61
1054
9031
4249
8738
7197
8144
5838
8308
3756
4976
5934
8765
8368
5075
5398
7659
1122
8405
7295
4433
3040
4388
2048
252
8830
8461
730
9129
6333
6018
7870
2592
8978
5701
5953
6369
8814
8841
3627
4996
8705
3130
4104
4200
2141
2407
798
7912
9173
5705
7125
8554
6208
2530
2616
8013
5897
6475
4231
8832
8856
5896
2262
4258
104
1834
6472
363
792
4233
2877
6290
3071
8423
7666
6381
4693
2085
1746
9025
8318
5817
1232
6370
4899
6924
4033
1848
5876
202
8540
1248
2488
2413
7224
6855
1725
1780
8936
5992
438
9168
7652
8720
6165
8992
2638
6760
5078
4540
5853
7982
9069
455
5215
8248
2266
4749
5296
5505
6812
1766
3324
6350
8445
229
5607
1438
8210
1800
388
6729
394
4079
814
7907
4979
2532
3146
8080
5418
7757
5646
1046
6306
2003
666
2278
7583
3406
3794
8424
126
5076
3517
7817
4066
1057
8326
8081
173
3115
4101
7226
4873
6042
7396
5769
722
7463
7492
7141
771
3546
6119
5881
3241
5514
4229
981
4721
4238
3523
8117
1389
5973
4660
1995
901
2647
6657
6945
4573
136
3168
7732
8470
5057
765
3033
4667
7831
4007
1567
5760
5755
5248
6741
4948
8067
2858
5358
9160
8636
6746
6235
5531
6938
8923
8389
9045
934
1425
8395
7189
8532
5188
1378
4863
8810
6675
8716
667
1555
4129
7945
6823
7846
7330
2939
705
7307
7940
5383
9145
1631
2799
4822
2451
3577
3032
1245
3642
6543
5720
2763
1390
6193
172
7765
8517
106
6113
1371
8994
6659
3425
8780
4167
7497
521
7556
3795
5795
5944
7412
5320
8356
4542
8606
2277
6480
6320
160
491
4959
5912
1172
6531
1907
2840
3649
6243
7731
5658
2901
4980
7062
285
3674
4917
3171
1557
6997
4053
1943
6642
3913
709
4110
4054
8282
3290
828
3368
8107
2480
1986
6294
7959
8394
8741
569
8029
7121
1787
1277
4127
5348
5373
7516
6961
3177
3214
1468
4381
3813
2059
7620
4261
3802
7526
5238
536
3432
1273
6278
8103
4135
292
4389
7116
496
8168
5209
5993
7406
6544
2309
2285
2993
3830
376
8879
8782
2971
2500
8211
8794
1638
2151
8981
5405
6065
6162
3198
8838
4677
4910
7544
5182
140
2909
228
2962
6525
6771
5688
6652
6627
2887
4418
3415
3956
8068
169
5435
1779
4012
4283
6314
6557
4462
6631
145
841
3233
723
6809
219
5115
2460
7186
1472
3963
8292
7970
711
1396
6264
5485
3460
6450
5916
6497
5690
4640
4686
8704
8296
842
927
6666
915
4034
4327
4446
8519
4369
5072
4457
6875
8654
316
391
5026
2172
5564
8641
818
1623
9065
8501
8624
5931
7756
3239
31
4999
345
1615
2609
7949
7869
990
5285
1093
5345
3136
4399
8626
4398
2219
7654
5565
2525
7331
5856
90
5508
3778
1309
8520
2633
9192
7374
1417
822
1085
3541
4880
998
4605
5286
5913
148
4629
747
8496
3244
891
1222
5939
66
6322
1501
5407
4001
3858
1752
9094
1770
2137
9048
8102
582
1964
359
451
1927
371
6272
7472
6850
6331
131
6386
5247
9117
8557
2479
8797
967
8093
5877
7444
7017
7826
3712
5064
3705
9099
6041
7277
9053
5481
1213
632
9153
7044
8693
6240
4247
1823
5667
4177
7690
4689
4320
2494
5725
3026
4477
5919
6401
5861
7499
8982
2493
2256
8549
3733
1349
6277
2618
6964
982
7253
5211
5596
6460
5933
8206
2491
2420
5954
3255
1142
2437
5767
3570
7318
2176
8858
119
1989
234
213
1684
861
6069
1891
7338
3422
8002
426
3216
4885
2872
2777
1845
6161
8114
5691
7718
3438
8634
5458
5512
7672
5598
8495
5628
8829
1260
5965
6682
2862
716
7311
1672
1552
2593
8098
2792
6940
1657
3440
8902
3300
6681
8683
4244
5453
5055
8020
1115
6478
3503
1032
7113
7755
47
204
463
8770
3889
6109
8143
4600
3371
7375
6105
4434
3935
3914
4193
6457
4797
2789
6793
7562
4002
3811
1992
2436
953
517
3473
1473
946
6405
210
5227
1503
6468
389
8652
444
6962
3980
4204
7272
4221
1228
4971
4125
6029
5816
2631
3693
2047
3103
3613
4860
4895
4818
5004
6440
7052
5756
240
4424
748
2485
5979
795
224
208
2296
6588
1267
4246
1753
2205
166
4003
4195
6035
2249
5568
6743
8969
3868
3735
8673
6059
4387
7540
30
2372
8784
5260
4100
3416
8690
6459
3556
157
5290
5281
315
8813
369
8480
2293
5073
4263
5597
6808
344
5210
8299
2288
8486
7056
3429
2081
3866
2472
6717
1136
6048
685
2813
6389
1367
695
1470
9059
4526
6238
3373
2596
3285
7676
4179
2442
74
1191
7520
3941
8580
6348
7565
3792
3516
3749
3350
7952
3194
7105
1153
4322
5244
7371
4252
4648
4255
8358
3798
420
5402
1368
4718
4132
1012
4397
7161
6305
1689
1644
2860
1641
1733
4646
4791
1220
8438
646
2209
4713
4604
3925
661
1565
8825
3101
6789
469
2002
7364
3890
3011
3120
2146
8967
8869
7587
7832
2053
6804
6176
2811
1612
2305
5120
2410
2636
6821
7399
616
4853
2330
3348
1258
8073
1097
3863
6338
8264
3692
1474
7781
2637
323
8399
5035
8973
5672
5426
2411
396
8468
241
8760
6928
3387
2541
5601
4496
8708
2005
97
516
7926
7601
7204
4118
272
1917
8352
2612
4841
7175
350
8328
949
6709
5523
6073
7120
1494
1498
2788
6958
6256
7303
4183
7617
5779
902
3654
2257
4164
8586
7078
167
7258
1694
5307
4272
4967
6363
5157
3379
1329
8665
5664
1775
1490
816
2697
448
6698
6117
6274
1133
8349
2853
1958
3162
6229
6585
1186
5798
6247
8922
137
8790
3818
777
1034
7355
1614
6949
7407
4501
1092
374
4647
2462
5217
3289
5122
6224
8285
2013
118
3502
2922
1821
7265
8237
4547
733
5832
6072
3789
5222
1348
4156
4393
5050
5917
9138
7431
2845
4898
242
2128
5506
4011
3315
6910
4440
8398
22
812
6446
107
2866
6293
4126
2226
3270
9123
2073
3549
1750
3482
3908
1838
874
8403
1545
7453
5938
9081
3080
278
1146
7680
6390
607
6658
5403
1772
1294
8676
9101
6143
3535
5783
6597
4622
2308
1506
7837
9107
8544
6391
7448
6096
4654
4109
2585
4669
8980
57
5910
5920
1771
305
8934
2338
4490
6156
46
5752
373
9038
4914
482
4576
8146
3167
6600
360
5212
4017
5593
1334
4331
4991
8070
3184
23
3927
7356
3688
3268
4836
1707
1316
1719
1029
8125
1007
2206
7496
162
2271
8031
154
7372
2273
8719
4269
1505
1839
3646
7827
48
4856
3967
5901
5218
8150
1185
2833
6883
2795
7185
4933
1167
3498
6716
4557
8479
5745
1272
269
4222
8242
8883
2966
6907
5899
399
3907
3276
2133
4274
3801
5049
6233
3139
1737
4947
1406
8660
235
2568
7470
8174
7042
1114
3994
7906
5448
4556
6921
6858
5233
7310
7373
312
7003
1807
5479
6559
8046
8845
5663
617
4571
8964
2653
267
5257
913
9118
2347
8310
3069
8094
6418
7589
429
7651
4046
7766
3297
8041
7786
528
4035
3603
5341
638
6439
8766
4273
1728
4918
5220
8252
5830
8851
1067
5423
1537
4826
1599
7326
2769
5553
975
5765
885
4998
5449
2639
5338
6751
8433
7051
5894
676
6332
3689
4717
1885
7308
1131
3222
5606
7877
7012
6944
1605
381
1836
7661
6880
8137
6757
3774
354
453
7460
8101
3787
8392
4731
1125
2507
2987
3073
4704
6565
5445
6342
1428
4608
5187
2190
6981
3989
7324
2049
6006
2822
7529
7801
6799
6144
2714
3204
8331
2326
1549
2086
1423
7024
4332
3630
4391
696
4339
7824
4136
8667
1058
5535
1592
3698
8827
7366
8798
4436
8082
7106
1206
5289
860
2873
2883
445
5302
393
1574
651
6828
478
8584
2668
830
7218
1335
1448
6074
5726
952
3807
5071
410
5747
4858
121
6575
8430
4527
1282
9061
7772
5343
8045
3518
9041
965
2688
8984
2056
215
2885
5599
553
3421
1477
253
311
6589
2844
7927
5771
7329
758
5742
4298
7022
6036
7761
2381
7040
1252
8069
8605
3796
4569
5550
5708
2905
7043
8899
735
7126
480
4953
4421
4365
9054
2931
2464
8870
3540
5584
3361
3598
7719
9127
5580
4941
2783
3587
2401
682
6882
670
7602
4188
1387
8512
2060
475
84
243
7369
2395
1152
4746
6616
2337
1099
8036
2021
7623
8340
4115
855
5133
7595
3875
6407
2194
8375
8537
3433
8995
5153
6081
5472
7985
3783
8089
238
715
1805
4189
3431
5906
7119
8610
7011
3166
4157
5713
3810
3986
3045
4816
3234
5253
7988
6884
8991
8812
7804
8548
6213
7182
2357
5740
5042
8261
8761
6125
4635
6939
2221
4400
3242
2121
5140
9075
831
5450
5216
1119
5826
387
1024
7426
5689
7217
5434
2549
2706
3418
6230
741
595
4814
7260
7230
5370
8623
6016
3972
2072
5002
6237
5681
4366
5425
824
3259
8894
6794
4832
375
2458
6540
4059
2318
3565
8521
7749
5468
7293
4592
940
962
9098
9122
2831
6163
43
4279
221
6732
5283
677
7235
4974
6700
6270
6
1811
1677
6359
8630
4744
6656
2445
2598
8216
7098
6170
4300
3400
6448
7904
6195
6923
7609
3501
8867
3901
2359
7257
256
2170
8175
6661
1916
9022
1344
5532
7851
5922
4187
1788
6380
7712
7065
8591
8148
65
2136
4594
2699
8552
2138
4825
5482
195
3803
3738
2772
6887
4684
7714
8373
4070
3684
7872
3740
2487
8105
6037
161
1479
2344
8487
7521
8977
1969
7385
1010
1313
395
8426
7671
6576
5461
5711
8217
4993
757
6328
3766
276
6266
7630
8600
7441
2569
5420
7254
1064
7187
5600
6399
1556
5875
95
6442
338
4842
7971
7473
1622
5199
764
6311
8354
1163
1994
81
7932
2820
8382
2923
1304
5266
598
3947
4219
1035
5632
2745
8410
1646
1364
7692
3609
83
1842
6748
4338
5891
2838
4404
8696
2070
7014
8474
418
8411
7859
8492
6090
898
5950
6282
4819
3113
707
929
8085
8243
6677
783
3708
6038
3320
8717
7192
8952
8976
3484
3050
7875
3408
6436
2389
233
5544
5476
7461
483
5487
1350
5021
1139
9176
1070
647
8550
8491
3864
2717
6138
8932
7715
4904
5032
8500
9126
3111
1247
4412
5054
3183
8483
4169
7093
3656
244
4528
6952
1048
4921
2543
8290
2396
2534
4855
5365
7019
7803
7454
105
6655
766
3661
8862
5059
5620
322
8019
3329
8769
1374
6861
4375
414
7049
8974
4920
5926
2026
5278
9091
8808
978
2673
3357
6470
385
8732
8649
9108
4324
6419
424
5987
1209
2579
5642
1861
2088
3086
3727
3483
8819
7878
1288
2364
2405
2200
6648
1270
6083
1765
9088
4802
6691
1444
365
5700
4593
640
6203
1670
1241
2192
1049
689
3209
1954
2721
5052
8874
494
6000
5186
1579
2465
6973
4694
6742
9037
6518
1197
2924
6558
1678
4745
4431
3640
2052
5895
5355
3768
5744
6285
2380
4018
1703
4792
537
1637
2821
270
3260
936
2362
4205
6777
6628
3667
5499
1463
2771
2544
1745
1955
8917
7498
7132
4572
3014
7380
9157
7227
3555
3203
2999
3200
4665
9144
75
8524
1352
3341
1236
8785
6085
2665
2001
8949
1945
6504
168
7165
679
3943
111
3747
2320
7128
8938
1183
8526
6699
4846
5863
554
1455
4957
2701
4444
4621
5189
2994
5249
3946
2094
7998
6091
590
4089
9154
5297
1461
793
5739
7962
5888
4214
1812
2166
2213
2741
926
6008
6071
5294
7305
8323
520
1370
8006
1921
6097
7110
5475
3191
6250
2918
5502
5730
8482
4194
2466
6191
1450
4225
7530
7284
3554
3155
7697
2744
5146
7664
5142
7352
6060
3485
3219
5686
5041
7457
5924
2640
4563
7867
2492
2695
8167
5657
3915
863
6837
249
6120
9194
835
8351
4337
4843
7606
7694
3205
3903
6868
7707
3653
6474
8925
889
6388
6593
1276
1300
2982
4371
1721
633
751
7628
8730
8662
6992
3172
8234
7574
4082
2780
2260
1817
4546
141
5471
7710
5087
6228
6723
7946
2649
6015
1484
8215
3256
68
8404
6102
1877
3129
2450
1021
6022
5305
4173
5654
935
7240
6076
698
916
2682
5141
1875
4523
2155
7957
3093
2805
7928
3873
6918
3123
2127
3659
2629
9149
5702
5530
2384
738
3015
8187
776
5605
3253
3262
8305
8120
3660
556
498
3474
7046
4798
2179
9093
8185
602
8365
6443
4071
956
8472
5412
7169
3236
1235
7709
6948
8886
7776
746
7960
13
907
8875
3085
4008
8918
3344
5659
8671
9197
6496
2781
575
1513
4224
9090
2103
3648
4465
6421
1937
27
3159
8001
8130
5948
6182
3419
2004
132
719
7506
611
2045
1249
5796
7007
3965
9156
7150
6166
4472
2203
2123
9005
5637
1478
1095
1925
848
7248
3471
1047
7487
7210
1071
2254
4570
6487
625
5096
555
3250
5160
8408
5878
8795
8427
24
8136
6685
1
4968
1888
7026
2201
2890
2496
5968
5070
4613
6057
519
7313
8344
2361
756
2505
6186
4086
8032
6773
5484
4697
5855
1403
3426
6159
8656
7346
1150
5982
6469
1754
609
1601
6869
3499
1669
2095
471
2394
3799
3082
8843
7625
2217
2963
7667
5758
6607
3254
2429
2208
2696
6501
6234
6249
2610
5299
941
2250
431
7915
7821
1397
2968
8633
4026
8668
5124
1302
2350
9033
2521
2149
5225
868
1017
2964
4897
4209
1595
8030
608
1237
3669
4685
4063
8685
8128
8823
581
1950
2910
879
2785
4045
6532
6874
1972
988
5908
5371
6602
7790
6818
2515
3757
3308
3734
5697
7808
1774
1402
6216
3641
8360
4006
8692
8333
1420
7723
1043
3314
731
2014
5137
1749
671
8024
4548
6876
5081
687
441
466
1137
5721
5367
642
2766
1196
1643
4951
2503
7698
4353
335
7337
5011
6045
4303
6273
571
9006
4754
6896
1658
211
2185
2531
1226
5181
4385
4386
9140
6251
2341
1617
8063
1123
2153
2817
1006
3156
3145
4872
7624
3173
6879
1908
6422
4565
6210
6104
2703
6145
42
9208
8138
8627
7687
5284
7207
8957
5602
1572
2044
5566
644
734
4113
6927
3739
6310
5265
250
5322
419
5983
3125
6281
96
2972
4309
5528
1027
1086
9114
5159
4692
5433
2447
5180
7505
3490
7404
8771
2107
3976
4786
603
1676
7427
4835
6852
7638
4349
4299
2733
324
7278
293
1639
5486
7966
826
6878
7276
4924
5618
7981
3226
8511
2692
4766
6644
2432
8455
8966
1980
6867
5808
3887
2974
6175
5718
9089
5270
2949
6295
5350
4406
6693
4969
7797
4937
4025
9073
1180
2511
2457
4383
3396
4599
4363
4950
5154
5411
7402
3870
2087
2214
2865
8152
89
2078
8406
9012
2716
2644
4549
7575
8047
2965
5669
4478
2310
9167
5151
2376
5424
7171
5150
6011
6643
25
4712
1178
6803
6095
5692
5069
2960
3170
6750
514
4052
5902
7844
4485
8753
4671
3905
1261
8173
7099
411
6524
3140
8714
5128
6797
129
5346
1524
5446
8635
8530
7222
4506
6308
7889
7167
2490
7795
2782
6355
1201
2606
6413
2474
3662
3042
7989
7901
8343
6511
1233
560
6587
5489
2143
8327
5127
6304
2804
3131
6624
3405
4348
3836
2884
9076
2065
4936
3034
533
266
2582
7951
8376
5536
1857
7548
1251
4624
8998
435
3070
1481
1776
189
2625
5851
9010
2423
7058
2211
8611
6449
9207
6719
4869
1366
6854
7027
1061
7999
1190
867
8834
3819
8431
1784
9125
7279
7301
4452
151
7905
9028
3152
7622
4420
1231
33
3973
4493
6926
573
3916
8291
