4566
7847
8657
4792
4674
7500
5705
1356
7623
3706
2368
2682
4788
457
7833
6665
7816
2567
3162
1351
2986
8191
5576
2443
7657
6829
8666
6618
6234
4074
1672
1479
6825
5676
1473
1685
6974
1660
5225
893
3757
327
4730
3764
2806
4732
8275
1573
7624
1282
5342
3483
1671
5729
5833
8907
4614
6467
1363
88
1116
7518
7465
2696
350
5515
5698
3742
344
8725
5713
3160
6827
5239
974
5580
2584
5772
4553
8253
1461
6476
4121
1513
4287
1447
7635
2686
1374
456
1912
1695
254
1565
3965
6857
6382
4552
1417
7614
5620
5445
6413
4767
5708
926
4416
3491
8591
5053
935
4785
3526
4823
7687
6478
4574
5997
2500
6223
467
616
1545
405
4602
6782
7367
1543
5292
2621
3601
7251
2569
336
8777
4024
4637
8231
1689
2573
3084
1419
7080
1560
5886
7689
4651
8871
3657
9176
4685
2601
6499
103
3785
6219
2236
2496
498
1256
673
5784
2280
2130
5287
2109
3530
2028
7606
6488
6555
8423
7692
5769
8592
5452
3641
9174
6466
3535
8629
7488
226
1340
3738
6692
5420
8772
1000
7303
2515
4460
6379
4515
1437
8851
7207
2134
3341
5153
5537
1578
6171
8757
5754
5346
4804
5453
8648
2246
1654
3660
6101
536
1197
1245
6587
5572
4570
6462
6404
6396
138
6594
6292
2998
5817
5780
2872
1526
7370
3671
3563
2626
2537
1491
2652
2203
3401
7369
3097
6823
5503
8323
565
700
7849
4559
6809
1336
7774
8765
1703
8491
7848
6225
8744
3670
6520
4645
8659
1298
6606
3650
3624
4679
1618
6097
1085
258
547
4418
7507
5520
1640
8609
5539
3565
6646
5187
3416
3825
538
2648
3621
4791
5759
7840
8182
3741
339
363
411
2922
6343
8793
1076
2151
4131
3532
2897
4972
7319
8963
4280
8877
460
6167
7784
1367
2475
4550
6156
2415
122
8341
6185
6658
1593
6633
3423
3607
1375
8535
3404
4105
3948
6495
2740
5805
7720
3626
6801
3884
6864
2688
5302
8538
2073
7399
5428
4029
2038
3559
5137
2412
4625
2343
5597
6873
7778
914
7259
8852
3572
4245
418
4023
4705
569
7148
604
8889
6611
6010
2332
5471
648
3032
8890
3218
9006
7425
7608
2108
1278
8809
5457
4753
7825
1859
8694
3561
2418
1546
1719
6308
74
6770
1514
2488
8560
5496
1950
2722
5417
8283
4423
6365
3199
1195
4662
5635
4376
7332
811
5155
4635
8716
9157
5404
1129
7258
6515
3104
8856
6581
5745
2113
4202
7785
7783
6808
5835
1391
3756
4689
8125
52
6863
7839
4510
2510
330
1319
3596
2226
8627
4770
8719
830
4717
4563
6964
170
967
2461
8588
4404
525
8263
1110
3677
5411
8007
5205
6722
4432
551
2617
2133
2066
647
5238
2270
1745
7704
7883
7315
5768
8517
858
6057
2550
1322
2703
85
8152
4572
478
5145
2661
6015
8349
3610
7313
4372
5934
3538
6138
4157
6473
674
4845
8019
215
5740
3828
4655
5073
5856
8770
5202
6490
1049
1541
2458
7828
2189
4634
7381
4505
8476
2914
4072
6055
3727
8443
5478
5442
4495
4849
3422
4794
3798
1155
7260
1641
1888
8374
6593
6465
812
636
5718
8840
5513
4518
9215
3090
3604
8446
3250
8957
4384
5494
6523
7511
4665
1684
6760
4230
7997
517
2297
790
461
6703
7670
1442
6012
1879
7256
1705
6684
3190
3402
7766
3128
4749
437
8664
4768
2654
5659
8359
2098
3569
3522
9079
506
4771
5872
7802
8638
5611
6775
4714
4387
6814
1858
3605
7695
7108
2194
3623
2712
559
5459
3440
5586
208
4581
8724
2059
4909
6007
7300
8452
4988
7176
1777
2106
2077
7746
7422
1623
6439
8822
26
8489
2176
1602
6230
4032
8492
4471
1300
2692
7719
1345
6402
9066
6293
6816
7302
6609
7683
8853
4472
4439
6170
3115
6556
312
243
6905
3543
4848
5609
8594
6270
676
509
1831
8849
5799
8520
6247
3328
5275
3755
5119
7149
7480
3349
4812
1761
7426
8989
7523
2647
4795
342
7416
1732
3415
7543
4426
5170
7418
4311
5815
1515
6811
6726
8105
329
503
5159
4115
7618
1329
2554
7083
3708
5408
2032
9031
960
6279
2446
2232
4520
6194
3299
6533
3534
3279
2877
4159
8220
3413
7506
2808
5994
594
4847
2076
5298
1727
5469
321
2524
4492
7641
5574
7690
6584
4862
2304
3324
6695
1237
3768
5809
4871
95
3606
6625
2012
7649
8687
6322
7101
3439
5558
6659
8171
5778
454
5764
2197
1848
290
3151
1725
8344
5927
2264
5224
1650
8127
7320
4633
8364
2239
521
1853
3029
5208
8974
2091
1639
2138
7004
7767
3290
4499
1609
8969
7255
491
2379
7268
8647
949
1500
6640
6569
7467
3748
1332
6759
4246
698
7919
7913
3295
4820
8259
2026
3222
5236
8898
1723
4627
6718
4547
6400
7864
232
7491
1720
5791
1040
6595
7362
4186
3013
1250
5579
8697
8641
4010
8722
6517
7835
2112
3761
4436
662
5379
4632
2119
3300
497
1310
1459
6187
6064
7934
3838
1182
8406
8532
2684
8172
3369
99
1431
3958
8133
1583
2263
9202
679
6732
6813
653
1308
8824
1557
6681
201
8287
7708
376
469
4878
8274
2174
5299
2394
4199
6058
6221
7605
2065
76
6418
4122
5852
1887
8743
2346
2746
6070
3002
888
5146
7387
4427
3484
7806
6942
8630
174
1089
5456
607
5488
5138
385
2538
4776
4425
3392
1074
6798
6778
1608
7496
7830
4195
3147
4551
890
4802
4301
7726
4970
7638
2883
7619
7633
3400
6300
3027
3358
6549
28
7119
4272
6586
6757
5203
6519
8343
7424
8289
9077
5758
1782
4013
4500
528
7191
2210
866
4833
4185
1517
1733
7723
4513
6078
104
5401
2769
6259
6250
6077
8911
7646
2822
2743
1717
5211
8273
3631
6619
3408
6774
2144
4741
7912
223
9100
2693
8513
3006
4850
4536
8585
8766
75
1107
6119
5929
2462
7537
8416
990
8720
4708
6289
7249
3246
6338
7797
2695
5814
3562
3545
5750
5056
462
1242
4188
4129
4686
1350
8090
8068
8788
1393
5679
6415
6577
7636
7317
4270
3581
6390
357
5051
3570
1261
3627
5362
3407
9171
5142
8302
6442
4388
3172
3122
4949
6844
1564
5724
5720
184
7706
471
1024
4772
180
3444
2081
7567
6474
2404
8418
7039
564
3411
5366
33
3932
971
1084
6603
2650
2122
6664
7272
1974
6909
6286
5319
8059
6806
6232
3769
6164
8745
255
3786
9043
2114
6159
249
4163
7579
3645
5256
2855
2952
3380
8215
2143
1752
1980
6708
4630
6253
3310
4564
8932
1903
1371
2625
5773
2689
1576
2672
8857
355
4323
5544
2485
3998
1008
7711
3436
3493
9207
6354
167
2564
6600
476
2593
5673
3609
4228
7308
8682
4647
2022
9110
2399
915
9149
2198
8480
210
2589
2400
3910
8523
2167
8850
7998
4578
7254
8186
4624
3557
5472
4269
4619
7558
1658
8419
2828
1460
3132
368
5269
3325
1626
4605
3137
4379
7854
7674
4396
1294
2302
5743
6819
7093
7804
7796
2185
2541
5650
1759
3036
3722
2631
8324
8872
5347
5266
8463
166
4615
8649
5099
2501
6332
6635
566
2646
4355
7095
2612
3590
4641
5028
5578
697
7973
5686
8570
8797
100
4934
5841
8051
428
2008
6124
2556
7147
1209
4825
5226
4128
6590
3771
6085
388
501
5760
5741
4675
1178
4298
5403
5154
839
6371
5207
489
972
7529
739
458
5143
6979
1716
7158
4253
1998
8865
4237
3089
2506
2502
4629
4183
6629
8023
4380
7732
3047
6750
8196
3745
8543
4659
6013
92
2633
2763
7527
8391
8293
8415
2383
7230
2375
4622
9121
1355
5048
397
4447
3939
8131
1569
1025
3702
1036
5920
8401
8512
1271
6212
1617
7910
5930
4170
4718
7549
3468
2190
2583
7889
3016
7843
3164
7286
933
2641
7995
7822
7428
3117
205
8137
4076
7745
4179
8581
8055
5389
4415
5199
1913
1099
2770
1347
8671
3342
2787
611
3273
5613
2276
8631
1873
1979
4078
4430
4671
4221
6109
6369
1673
1646
2079
4256
7966
6408
8099
2714
2455
1785
235
3248
9112
8670
7748
1190
154
3405
5501
133
8779
6906
2600
3630
6765
137
5827
3201
568
3659
2757
7033
375
3560
7195
5221
5762
5847
2666
9083
4180
333
9002
6236
1378
2313
578
1057
1645
3062
4433
540
586
1956
4343
5591
6296
7532
2459
8881
386
6008
1213
561
1232
8906
3406
6200
7432
8884
4150
1502
8135
8177
4573
8447
3007
8411
8318
8683
2403
7463
6530
8285
3789
5164
6900
3778
5185
3058
6994
8582
8924
6620
2713
90
5828
3870
25
8706
6657
2970
5687
3099
6340
8715
3550
7981
4702
374
7644
4684
7927
4613
1881
6589
2848
2630
7739
5756
7356
4490
6516
8943
5055
3541
5421
3676
9198
6059
3452
1112
4281
7561
8986
1559
2522
1939
326
3153
3091
3957
1013
6626
4682
714
7702
4250
5106
969
8201
7495
5526
3107
2439
5871
948
4774
5219
6858
2941
1790
583
5577
373
1168
878
8034
4219
4485
2195
294
3005
6213
7570
3726
8088
5419
2424
30
6144
5046
4187
713
9001
2634
1274
8982
2071
7639
4861
4639
3888
6487
6690
6634
45
4275
4769
3139
5587
5529
7553
5770
5585
8174
1292
2306
8561
5084
7168
5797
3474
902
7140
6841
7588
5800
5722
8219
2448
5725
7764
4047
2115
5567
5783
657
8792
3638
3848
7769
5781
7688
1686
8746
7842
8252
6637
2656
8562
3100
3510
4184
3682
2638
8420
5693
7283
7451
806
6686
8821
4668
5166
5832
2920
3689
2675
1047
8434
7620
1606
6306
2708
5467
5641
316
570
527
354
3655
3629
504
3568
4503
5376
5726
8790
7498
7449
29
6562
5372
1379
8104
7730
5432
2416
2153
7216
8192
9187
7978
3821
382
7223
436
1549
8696
449
2819
6688
5842
9020
5902
4676
4793
1995
3249
9159
7897
9131
2545
4046
3796
1338
8564
3747
3260
2396
134
8257
7209
3052
4815
6623
7075
3346
54
6668
8612
8386
7081
6751
7701
534
5306
7827
2267
1328
8684
8276
3069
8353
6701
8558
8923
6506
680
5288
1191
4960
7415
1566
7736
345
6560
699
5955
8040
4654
7789
7222
6346
3168
3792
3209
3599
3633
3178
8833
8553
4596
131
1309
3732
6433
4672
2048
6444
7653
7233
8826
7916
8862
3
240
1984
5654
4112
3759
1305
2070
43
1243
580
6498
7536
1477
7733
1079
4821
7601
3307
6780
716
4161
2586
6151
5761
7611
1407
6100
1186
421
3750
7067
371
2422
8810
2440
6174
12
620
5249
5112
1533
1480
8837
4593
5984
2546
1030
1780
2521
5584
6136
706
3397
5162
4267
6705
1457
6486
1850
3391
8460
2511
8587
4725
2776
309
8200
8322
7744
984
4319
3746
7992
6973
60
8918
3725
5530
7016
6949
6846
4901
6926
1390
5746
9153
552
4775
8839
7542
7920
5697
4498
4326
444
7044
7754
8454
791
5732
3906
5583
1665
8240
6317
6922
372
7354
5790
3236
4696
2349
1333
6786
3582
4442
4715
1429
6636
3293
403
7278
649
6447
7681
6224
6733
6696
891
1285
3116
6889
7503
7851
753
6206
3654
8477
1257
4579
362
8999
6784
2454
8714
8006
8621
8643
3042
8490
3711
2839
2618
7138
8315
5498
1368
8421
3710
2576
2893
6376
2687
702
1362
2007
7820
2906
8407
2827
332
8571
2471
7742
6438
409
4181
1050
6363
7417
6307
6680
463
3242
3927
3495
1318
4437
868
3827
780
5866
6730
7456
8457
1400
6805
2128
6743
2503
7863
8437
3368
3531
942
3417
1212
3146
9183
2030
7857
2179
929
8298
2474
8067
289
4982
8827
4734
3765
305
6318
8786
3292
9208
2874
96
7034
7544
1150
5397
1185
7808
1373
1111
5593
3539
3041
3156
6375
359
8934
4344
351
5573
4268
6075
7099
4587
4367
4190
455
5351
7068
8661
5027
7772
5630
8807
7887
2216
4458
5747
2783
8575
8060
297
4386
4537
9201
3901
7712
2882
8885
8901
8346
8498
3883
7316
8941
2429
7831
6425
6153
1463
8780
7707
8347
1263
7793
2719
8382
4107
3102
8431
3229
4366
5509
6941
3911
691
4943
8739
1364
4857
3740
585
6966
1651
1521
3232
2873
7666
7655
8843
1676
3127
4126
6361
4556
4478
2322
4389
3161
8731
1478
4903
6792
8425
5967
1661
3360
7005
8544
5349
4171
6464
4731
572
1522
1830
4506
7180
464
2605
118
8096
5823
1778
5304
7162
1605
2124
5230
2369
1158
9054
177
4575
189
3525
2940
3141
1370
2295
109
5709
3806
8301
3696
7186
7359
661
2387
185
3198
270
6028
6572
7699
5317
6951
1441
7267
6298
3784
8914
2353
1343
3712
758
2709
7555
2221
7
1389
1890
5739
8118
5942
6514
280
4987
8245
6754
8711
6869
6184
4726
158
4626
2905
4243
7438
6237
2778
3294
8132
940
861
4429
5991
7713
5361
899
821
4402
308
6652
2230
5651
1229
1095
4477
3125
6494
2561
2701
5887
1171
1122
2887
624
4910
4352
5157
8439
9074
7834
7126
1046
743
8619
792
3414
2268
8389
1993
4831
3356
6539
7177
407
5373
7109
3475
5731
1938
8393
9195
7185
7710
4056
8210
4529
8469
741
5192
5193
8516
6337
7001
3931
8295
3114
61
520
3704
1082
1579
3367
8075
4491
3850
760
7020
2378
141
5714
2136
3195
2738
153
2518
8015
4167
1642
6152
8991
4914
8422
1482
6106
822
5782
8178
6767
7504
8395
3383
2333
5348
5104
3614
8550
1798
1196
7350
245
9047
4810
6675
2249
481
4733
4341
5237
1208
6578
4400
7631
7393
161
2985
7626
6305
4582
3469
2664
6428
5854
6443
4707
6227
1898
5229
7153
8270
7610
3352
8760
5767
9087
8394
843
7490
2707
3879
1687
4620
3501
3680
588
68
7577
6088
579
1027
3714
470
2812
5519
6881
8150
955
4021
5900
1990
562
404
6066
2020
3959
4273
2517
7198
7817
8775
5378
7755
2010
574
1331
2587
1538
8213
8335
1456
2452
920
4125
1561
1796
6240
8426
3687
7682
3157
2927
6330
2339
2039
6445
3442
576
4797
8874
4617
7922
42
8522
980
7190
5033
7554
493
6709
425
595
2766
7189
453
7202
3978
156
160
6108
7602
7982
1048
3974
4369
855
8595
7533
1523
5822
2247
3460
4489
2291
6631
2433
9125
5163
2374
1662
8120
5136
1702
5909
1674
5461
995
3462
2925
4206
8282
4648
1113
3527
745
1548
1481
49
7452
5627
5295
4496
3395
2644
7866
9045
5542
8749
8834
3254
6284
2530
2449
5748
7541
6707
4213
8707
3251
7478
2087
1953
4644
6181
6074
41
6896
5037
178
2607
5785
5755
7651
4981
8076
5517
5314
237
4507
5451
2899
4545
8727
4284
6123
6852
6239
1509
6386
4872
6168
7974
7552
1438
3600
4967
5692
3256
3816
1544
5860
2632
3949
4811
2710
3930
6409
5528
515
4851
5385
2392
6624
17
6282
3729
4534
2565
6913
1069
5504
5975
1265
6824
6968
4786
835
7865
7787
6169
2751
2006
1620
524
4736
6958
751
7939
6575
3204
4203
1264
1181
6040
2141
3053
8004
5637
7867
125
4158
4677
7057
6799
3950
1865
5601
2069
1358
366
6117
2316
4953
4764
2358
6297
6493
7486
3515
1164
4025
2619
5736
5168
8175
1001
8336
5338
3787
8264
3542
8761
4114
2938
8238
3847
267
6254
2336
8848
1899
7143
5857
2345
34
3988
3995
7539
7709
3319
2498
4888
5522
850
8758
4740
6103
8808
4757
5102
239
8184
882
1504
7327
696
102
7247
6745
4922
802
225
3339
5844
2649
7271
8925
3056
6053
1466
3914
8313
1680
334
5441
5322
734
7898
3463
1764
3018
4589
1424
3758
4325
6140
9005
5538
1532
1094
4004
3788
7758
1536
1486
7002
8251
3830
3723
8708
3494
7846
4420
7357
2170
1021
4539
1381
6470
5209
6902
2759
8601
1862
5804
4516
3051
3354
3335
7798
7403
5291
3909
2432
6162
8642
1508
1273
4611
2391
2663
5148
1970
3705
2844
2912
2373
2347
1926
8741
7437
4231
4362
220
214
2105
5371
7043
9004
3083
1568
3511
3649
5751
7925
7613
7279
2715
7434
4164
1436
630
3986
5116
4923
144
6605
4915
2702
1882
2571
266
8503
4435
8261
4138
3074
6216
6172
8547
1955
8442
6791
1307
7584
5728
1849
3375
4980
2758
6285
7105
3333
7809
3588
958
8078
3270
4852
3472
1588
9173
8204
6797
3608
3520
1344
5035
5280
5172
3245
776
228
3181
5514
1700
7469
3811
7460
2037
6430
8163
3025
5599
3672
7457
4373
6381
4218
7594
8156
8736
3625
3071
5144
5559
2094
3247
3797
759
8845
4258
6526
9090
3987
1946
5444
2725
3690
3809
5290
6965
5171
7135
1595
3192
1930
7079
5625
6407
5251
4608
5560
6472
3438
40
5788
1884
6179
3637
4251
3202
2463
4080
7182
7962
3498
5500
6288
3148
6431
4375
7462
3736
4983
6042
7377
8944
2930
3863
8521
7102
3749
3113
8922
1739
685
3012
555
9114
2047
5820
4778
2220
3619
4756
621
8140
639
3805
1311
6834
1875
4331
123
4348
2222
4446
91
6399
1889
203
6602
5645
5350
7753
874
7813
996
2009
169
749
3289
6312
9109
3502
8672
8785
8018
4277
5141
8574
4361
5132
6336
3824
9046
6667
3820
7850
3419
1823
9141
3045
157
7972
895
626
5795
236
1058
2818
1316
3149
8057
9014
6534
6996
5667
886
8977
3859
4027
82
8975
8367
6111
1173
7494
315
6480
1735
4522
8333
1497
7892
1845
1787
8956
6355
3318
5623
4527
8243
1194
3217
6651
6916
7086
1947
7446
8919
4368
4217
1468
4294
2024
877
7164
6892
1835
3228
8102
7052
4866
314
288
8166
927
3261
807
6570
4354
8663
3230
8173
687
3497
2184
8397
655
4071
529
8511
2956
3231
8701
8461
3398
7873
6455
7743
997
4663
1330
6291
6740
2996
3902
2275
3801
5318
3063
8381
5450
8759
5792
1098
7868
9146
