642
489
5081
5786
5770
3575
1674
2699
6790
5608
7677
6798
1533
3738
3714
7676
7400
3580
5763
507
3835
4259
7814
3722
2553
7819
745
1670
4628
1513
3721
696
7717
3423
328
646
3726
2706
3715
4382
5627
1720
8811
4582
3553
1348
1679
1267
1456
3579
4578
9037
8440
5725
6671
2691
5463
1645
3564
3570
5774
4841
1518
8240
6647
8673
8843
7139
3770
5602
6823
3563
5617
8871
8585
8689
7652
1353
6522
5601
4467
6495
1675
1187
6651
7312
3565
4652
650
7689
1367
2546
7864
679
8470
7818
6620
3393
6628
649
5523
2744
7826
419
643
482
1522
7499
5749
3539
7867
8846
2714
418
2811
6687
3401
5427
5377
6810
412
6102
4499
7873
688
4328
2555
5762
4585
4976
763
1665
2557
481
7745
5466
5787
2857
1687
4979
6411
627
2606
2394
5643
6685
8864
2694
4057
503
5623
8679
2483
6652
107
2614
9174
9089
6676
6843
8930
8564
4013
7847
443
8427
3438
6840
3613
2427
1473
5612
1573
1666
4680
6659
1290
2558
3578
5887
1213
6546
1909
6795
1085
7944
8133
8631
6543
6523
3634
1769
509
3615
6298
682
1565
5652
1608
3176
1690
3656
1425
7810
6839
941
3816
5965
6644
4605
5645
1331
3754
8959
1426
4324
5611
5875
8465
4764
5692
7709
7695
2795
1725
7540
3475
4526
5368
6093
5764
4787
8863
8906
3562
5683
7640
4599
1534
1703
397
4508
7411
407
1770
633
1305
6560
1587
6493
7561
7682
2109
4309
2540
5539
3751
2717
1483
2632
1352
8886
7547
6515
4370
4493
327
1678
5347
3558
4763
1530
3175
3643
5624
8615
5792
2817
8048
7654
7660
6776
4552
2455
1131
8664
6963
31
2475
4630
8666
6406
767
8888
2568
1465
3306
8838
1491
1541
7636
2445
335
2042
3512
1037
3778
4376
5641
3776
7229
8836
3379
3601
4420
370
2055
4498
371
3716
4432
7644
7225
9044
5265
7588
7687
1453
4963
4797
4613
7469
718
5620
438
5634
712
5790
7668
1498
8827
6067
946
3251
6787
4469
2435
6422
8513
6920
8942
6636
3628
510
791
6201
3989
110
3824
6842
1695
7454
885
584
1742
7921
8199
4771
6612
5808
980
1081
4737
5556
1516
1681
4424
5625
4801
57
3395
2528
5686
5486
4974
8690
7538
5452
2105
4766
1424
2534
647
6626
1803
7723
497
1955
2616
7014
979
4539
5628
7854
5883
3358
2788
3174
6868
5642
5654
4745
8116
2621
6289
6663
3399
4431
3152
672
3717
4741
3450
7711
5455
2013
1732
1757
9005
835
1220
7179
8582
585
359
1780
6630
8680
2273
1710
469
201
550
4823
5121
6516
3723
4939
4377
4248
6899
7808
3338
6532
3594
7109
3131
9097
8713
7497
6729
4849
5068
5793
2545
3665
8481
8139
4753
5363
8519
5449
1480
2286
8264
7124
2476
2061
6771
3020
596
2516
7741
932
3092
3444
1787
2921
8193
6556
2741
8832
4067
564
7828
3599
4651
3213
6476
243
6520
8269
5755
3719
6807
5618
3598
1519
3033
7416
5272
535
8844
9166
5718
4570
5748
6625
1949
4537
2395
9092
2593
4283
474
8523
5622
2461
6706
4610
1567
2543
5746
5299
9004
3688
4422
7672
683
7703
8755
7546
4369
3431
8538
3339
6766
2710
2915
2721
8604
6688
8562
2703
7081
2579
2550
644
5845
8651
2793
2495
5393
333
4984
1748
5259
7621
4754
9128
570
9018
2224
4726
6915
6569
6633
2216
6689
2324
7600
593
4784
5307
761
3606
3503
8051
8356
6552
6529
460
6767
8153
4759
6584
5480
2934
7214
905
1398
2619
4917
2952
681
6439
3659
4848
2002
4816
501
4340
2305
6781
1545
728
756
2126
2792
5559
3154
169
7446
505
2690
3459
660
5861
1310
183
1114
8769
4428
1692
2237
2299
3525
8249
4854
336
3091
8692
7799
7207
8937
8563
3375
4122
5782
2571
5775
4777
4775
7456
3581
7165
6583
7183
4164
484
1529
5243
4472
6264
2596
264
8823
3443
7838
9126
4176
147
3417
307
5663
543
342
4738
4694
8617
8238
3460
4516
2842
3993
3418
7576
2171
2422
7463
4525
8833
8961
3785
5811
8840
3915
3454
6323
2000
8492
3037
3836
3730
160
8289
9183
257
5631
5540
3478
4277
8682
7768
7448
3604
3042
7444
2802
7729
8662
8876
4689
3863
886
4250
5281
3113
4587
897
3079
1590
3914
7898
8917
466
1417
7088
8765
7635
5345
475
7341
757
1451
3315
1661
8858
7882
1203
2434
258
2226
5389
3540
3733
6317
7567
5576
8688
1437
4371
637
5691
1907
5594
8020
2084
2499
8708
6471
1643
5571
5440
1302
2274
993
7803
2957
4654
145
2653
1031
3021
3724
4535
2443
8330
8699
1564
4721
66
8215
5712
6830
7716
3350
8775
4661
6735
2804
2220
8516
5176
3437
5538
655
5666
884
6889
5955
5284
7797
385
6561
2388
1347
3560
4665
7947
5889
8739
7162
9060
7649
7707
7556
3347
2933
5682
8493
4681
162
8947
4109
5177
619
4111
563
7430
666
2667
1592
8371
8150
9177
8233
1055
1650
332
3884
2575
1042
6510
3226
5801
1323
3695
6634
6682
7435
5197
7895
3345
3702
7036
3098
3457
5773
8853
2756
2355
5933
8108
3411
7322
4101
4515
5353
8521
777
8761
1968
698
7585
4153
7092
5561
5870
2574
3706
3484
420
8397
6627
3279
4042
8203
8190
7690
3367
2138
8971
8447
5404
7120
1103
7920
2099
7209
8425
1060
6929
7761
3790
4279
4758
572
530
4104
6754
7805
6417
8336
8446
2998
7653
2004
8016
432
6694
5185
4749
1983
1776
471
1649
1059
1777
4826
8852
5704
268
5821
6489
724
3639
1421
1180
1550
4403
2404
6616
3573
1294
6709
7397
5244
6854
2830
6757
665
2353
3219
5584
3587
4586
1617
3337
2489
7190
1192
339
723
977
5582
6075
1490
7153
8381
1525
375
3917
3673
4364
513
6590
6792
1591
2578
737
5114
8874
8800
1792
3729
3541
1717
7837
1599
5040
569
5936
492
4353
1135
4149
8849
1427
3859
5325
4697
9162
8225
305
7236
1263
1230
3250
1143
7253
8422
3534
6888
2068
8611
5895
8760
1458
6199
4025
1917
7127
3499
4198
4269
7145
6295
6280
6114
7347
7027
8424
6240
4580
2797
5797
2728
8695
586
6867
6737
8677
4735
4644
3556
5447
5710
5745
4427
6814
834
5078
1506
8292
388
7726
2866
8530
4996
4495
8792
4411
1477
2733
8622
7246
5178
8327
2573
3746
1049
6774
6285
3784
4118
5932
4534
1270
944
1496
4743
3140
5600
3526
7615
891
8709
888
5941
7473
8506
1266
2561
4659
3129
1793
4796
534
2763
2623
2172
7899
3699
7216
8745
2420
6211
4240
4650
1996
7568
6655
1252
3374
7861
8668
3221
7353
1078
1237
6548
4523
3415
2470
4706
2535
813
7512
4900
4944
4284
4055
267
8445
5604
3574
7193
7357
6815
6819
5476
2932
1716
2610
1765
2159
472
6886
1356
6880
2897
2597
9156
7389
6545
5695
917
7393
5697
3041
4044
2326
5242
8714
8524
9072
6467
7410
6159
8618
3355
4208
1526
2978
1484
1574
7704
8160
4676
1463
952
8630
4442
8498
5109
1333
557
6699
7673
4662
2931
6387
4347
2504
3420
5609
6675
1448
7496
8235
4607
3653
5349
136
7022
6846
1459
1407
4700
4755
266
2586
663
8719
4113
7489
5140
2702
6147
7116
7240
5722
7994
3532
84
6432
7638
3483
8237
7953
603
4201
8885
5689
7584
5554
7918
3409
793
4713
6973
7989
8467
2379
7186
8929
8022
6537
2639
1
1569
1443
7935
7930
4325
352
4627
976
6265
346
5192
3259
6160
1636
1730
3635
4239
1151
5667
1326
5143
3139
2368
7713
5430
1422
3429
1563
7494
7669
5181
2494
5633
3741
3538
5410
9110
114
5687
1058
6491
9134
447
3636
3197
3006
6404
6307
2816
4837
3595
1344
5496
7700
3445
3964
1654
3398
7288
5555
583
2863
8216
1289
8118
8613
4806
3224
3240
5772
8267
7571
8650
5962
2204
7820
6931
9046
6803
5990
1555
4121
6986
516
2734
368
5409
668
7021
674
1523
716
1684
2382
2611
8353
2459
5514
2484
7083
2451
8894
1298
5342
8395
7845
2624
5498
4103
8358
1275
2576
3413
19
2659
5739
7544
2283
3980
8186
4061
2786
6311
7408
7485
4418
7817
3674
2309
3012
6017
2049
843
4717
7112
5536
8741
2849
3088
7684
7432
1936
2314
8731
1399
1551
6032
2092
5865
1365
8594
2692
8068
8737
1878
5610
1686
5884
2815
8487
1655
8179
7011
8220
1396
5613
7373
4223
3492
8967
8738
2291
2393
3813
7482
2726
5435
4178
2980
8788
5236
2444
1712
6020
4773
2241
485
7632
10
2556
720
8588
5488
103
3839
8200
4647
7065
4567
8555
8468
6693
1295
6877
8548
5283
3704
8065
2329
7592
2507
2383
6420
4360
6090
5364
5154
344
2123
6205
3304
8839
7511
877
4235
2030
5210
5286
6661
4439
878
4237
1218
7269
7558
4018
6901
54
812
4265
8621
2626
2642
629
4107
3011
8252
9008
8583
8766
6848
4425
8718
7504
4827
431
5512
1751
607
8752
1671
5650
6796
6198
582
1527
4792
3743
4040
5122
4520
4270
531
6431
5458
6180
514
2559
4746
3596
4384
7402
8411
4491
7468
4245
8927
8703
2070
4457
6319
7490
7337
5390
3829
4513
3681
1485
4548
1811
3400
2143
8248
9185
8246
4929
2514
3285
4915
4242
8794
686
3103
4334
521
3959
3841
1537
1395
6062
2746
5017
5834
3950
2315
2323
4070
7688
6539
7759
1683
5646
597
1370
4809
2768
2201
5737
363
8694
8882
5585
5776
7136
3057
5800
787
2900
3591
383
8742
566
6015
7572
8319
7433
4768
7869
4782
8941
3158
4106
3513
366
9027
6608
8483
9010
2761
8171
2136
7850
8164
3975
1808
1205
1382
9173
7758
68
8224
628
4888
9034
1102
3080
4132
3620
1366
6329
1499
8865
7044
2827
5626
8826
2362
8721
3750
6481
704
1895
7648
3969
5521
2134
7840
3064
4639
6331
9170
3471
2192
3523
1658
8943
2609
6955
7195
1876
5992
3528
1897
3763
5731
8799
7458
387
4720
3759
6836
3297
5876
1029
2448
3486
6212
6835
6266
8351
6918
4719
3136
7170
9195
1258
1371
7331
5835
9123
4504
1891
4186
2836
4751
4090
7467
2739
2333
5133
422
4163
164
7910
7721
8312
8373
5820
5499
7537
3663
1943
6239
3076
3253
240
7666
7656
7403
3749
5406
7787
2891
2751
4374
6100
4931
6441
3865
8676
5513
3051
6186
8496
6487
1593
6447
3406
7062
6624
7453
5720
4419
3346
5228
2488
5929
8034
4131
2399
6002
3600
5996
869
5526
6465
2079
8722
6229
3244
7160
2727
7955
43
5862
4560
6585
8912
8903
391
2124
6806
8773
8001
3698
6500
9163
8851
6665
3669
6893
6567
6436
4482
3672
5685
102
700
3052
2083
5795
6459
6969
2890
3617
7896
6535
2178
2620
8861
5027
5153
4986
5866
5677
2462
3466
2984
2170
2406
6913
7176
4437
7762
4447
3742
181
8751
3319
1789
5779
1389
5869
2073
196
8104
3588
1723
265
7662
6572
7925
8311
401
5233
4677
299
5858
1693
1791
2648
3682
8841
8210
6714
4678
2660
7503
119
852
2166
522
5401
6479
2373
6938
3016
7257
123
6461
3605
1571
208
5457
6416
8776
2781
4051
3159
435
427
5516
1092
6335
1387
7791
4554
7748
4175
493
7924
9184
224
2190
9176
1902
2223
7760
4351
1532
2529
532
1325
1312
4881
8813
8146
4200
3649
6958
3627
172
822
5118
1724
4731
6968
3473
3217
6784
5444
7008
6344
3833
6882
5304
7255
6041
59
6131
2713
6993
6658
7354
6804
7897
5123
3500
5744
3868
8626
1652
2532
577
3201
5651
7251
7541
6903
9084
4358
3612
8132
8589
2554
6946
6887
6582
6979
189
3962
3792
1512
9002
1248
1613
8911
2413
5603
7280
2466
6246
3323
5004
9194
6011
5258
1385
1729
982
3511
1138
2633
8570
4027
3661
7042
5467
7521
3818
445
5323
3662
3666
6691
6885
1511
41
1508
8586
2471
5298
4268
6449
358
193
7728
5938
3116
5461
1696
2137
8239
7437
461
1959
9178
1228
1727
1669
2712
6399
6642
4219
1767
1597
4785
6083
4999
7073
4664
3260
2997
5656
870
7769
3381
3545
5025
4545
4081
4943
832
5460
1885
6914
3731
1699
5701
4530
281
1052
1528
8702
348
3407
7856
4009
9075
5220
5658
5432
795
6113
8824
2604
3857
4397
7661
3593
7982
430
3843
1193
7730
5348
2677
8891
6400
8495
7175
8058
8532
7500
5453
5371
1032
2151
3725
7857
8259
8693
7096
7906
6849
909
4049
4179
5275
465
6248
2221
6551
6716
1976
4814
2989
7731
3362
4014
6171
2518
5445
3329
315
740
6245
6797
3063
5812
3937
3961
3453
6283
4674
8476
3990
907
7271
1775
3383
5544
1762
4810
5854
8184
1088
3391
7330
662
578
2598
7459
8726
7212
8509
5565
5050
2414
5814
1493
6163
7747
7283
6208
234
7056
9158
369
7455
32
4800
2824
176
5781
446
6615
4480
141
86
4989
1162
526
4872
5765
921
1262
7219
1800
8454
6580
2298
7874
6707
8566
2205
5727
7670
1572
4632
3044
6984
1853
8257
7912
5225
4569
965
3577
7084
6419
8105
3902
5165
8147
7789
4398
846
3774
2769
2525
225
3501
3671
7481
4402
302
3608
4727
1697
3638
1390
5245
263
3584
3936
8916
1279
9154
4794
8638
5647
4765
8623
5292
6249
1781
6827
1740
2582
8539
1300
1357
2302
7610
8140
1376
4529
1595
2106
7278
6226
2602
6187
8655
3772
8243
3762
6277
8333
7765
3901
6762
8675
8966
5031
9006
463
764
6629
4264
4002
7858
7452
6748
6371
4454
1517
908
6141
7196
4452
2813
5289
5468
8309
6892
5442
5144
1836
7583
2492
4812
1020
4004
4653
3070
3874
3294
7742
3611
3232
22
7423
3956
7628
7530
4410
3952
7421
7574
6746
1846
8441
4966
4300
632
1449
4646
6679
4603
7287
5522
8552
957
8712
7333
7841
9059
3755
2386
6470
8700
1217
6906
733
8744
8797
1441
454
5107
284
3893
2688
5274
7694
8632
4804
691
8989
3178
7960
7342
3554
6506
3430
9016
1816
3951
549
1894
6617
2003
82
7210
1945
4048
4404
1403
2440
4449
4444
2738
8194
1714
821
1752
4762
2664
3245
8685
7655
5975
4416
7052
6525
5680
6282
4503
953
4838
5546
999
7243
8490
2311
2450
7962
7099
7095
6216
289
7552
1689
1199
2423
3354
7849
4685
9011
2927
6927
2472
1711
8369
8533
109
7749
1904
3371
6809
5944
925
3432
1065
8612
864
1148
3630
1402
4757
8977
5102
7290
7144
2888
411
2754
1018
8600
1500
2468
623
6719
4756
6773
458
3907
6448
5471
7790
3561
6155
4456
3348
6998
1111
7249
4214
1200
1350
8587
4724
8201
6521
5425
124
4695
2503
3130
4742
6822
4464
939
1570
9141
4615
4606
6183
5152
5956
705
3340
1291
1830
5847
8149
8598
3796
1702
2327
4462
2066
8286
8383
693
8452
1201
3781
8540
8421
6745
7778
3105
1170
6786
2601
5724
3205
3747
8191
7586
3336
6097
2969
3710
3718
1582
5094
6192
379
9019
6253
5566
5791
1663
1452
8691
4895
2481
324
3798
1980
8808
7510
5502
400
5465
736
4378
8643
28
2173
6690
5497
4964
456
819
589
7842
4393
8725
919
2732
347
7880
2086
8455
3527
970
6234
116
9215
215
551
6540
356
3767
5841
76
6255
2218
3352
2080
2310
6353
6514
1964
3225
3322
7164
685
2864
1621
5483
598
5208
5995
3622
8307
7565
3783
6227
7247
1515
87
6427
1828
5399
1405
2102
6024
4185
8315
7870
2433
778
4799
6954
6148
4962
6726
9169
2803
1186
1210
5713
8805
559
5384
7076
3353
4807
8459
8098
6099
7738
676
1165
1419
4619
7683
3602
3876
3058
8534
8872
389
876
4306
6558
1741
2705
4088
7307
9087
6273
8142
7958
3124
4829
5758
3827
5374
5880
6475
4218
9029
1763
3087
5567
4688
8804
117
5578
1317
2634
8460
8086
1728
4698
17
5805
7667
1040
6592
937
2826
8847
8408
8835
3388
1539
2465
1771
2990
8581
4598
2260
4595
4168
7712
3806
2765
9142
214
452
4524
638
2091
3760
6378
659
8499
1320
8919
8656
784
8756
4147
4379
545
4354
7266
4465
9062
7129
8334
7104
541
65
1226
2577
6376
2999
8795
4562
1466
5872
951
8544
5946
7853
1956
2599
6824
9164
2787
1623
6905
6318
950
845
4478
6177
4318
3892
711
3864
7633
5446
2868
7270
1911
5708
3126
1127
2930
9147
3637
3442
1932
839
6247
7613
8536
4512
2723
2294
5711
7387
5830
7965
1311
2100
5501
7380
625
8889
2831
6873
5423
7702
3490
6864
9049
648
2408
6355
2594
3203
5598
508
106
1682
6397
4902
7642
6610
8073
3845
1265
3801
3242
2695
6858
3700
7147
6412
1329
4156
2275
81
3075
7174
1384
8337
8517
3125
800
5788
1113
3568
5024
9009
1524
7422
8056
5354
8270
8262
3537
8782
6609
1835
7491
4856
6646
4093
1244
6768
5163
6738
188
2400
6052
6965
6133
3968
1109
4458
2347
4275
1514
7863
2041
2709
7631
8954
9078
6736
916
8096
3576
2141
7221
8244
309
5319
4886
8875
4985
7634
5356
3552
3823
4734
6112
5021
8616
4050
2296
8106
7771
9101
7233
8628
657
8568
56
3900
1826
6217
6492
5142
615
3138
4519
301
634
1404
8156
27
2390
3766
5759
1718
7888
8055
9047
7378
3955
2564
7566
7844
2758
3644
7442
7927
2898
2745
3428
2716
5661
6533
4308
6763
5026
7835
5855
1277
1864
6096
6696
4260
4538
8674
1657
1442
5527
6105
2967
8584
8266
155
1172
9050
699
7843
7991
2225
278
4329
4241
2780
2605
825
251
8386
2855
2025
8360
4392
6753
4620
5491
5921
8124
5167
664
7507
759
5593
2081
1779
6154
6601
7570
8873
7059
2486
177
7386
4204
7598
4860
2180
5232
8561
