1000
1452
1201
2282
1449
1363
1112
1514
1369
1621
1461
995
2213
981
2107
1856
1066
427
2155
1532
1525
858
320
2024
1513
2300
1983
1960
2277
937
1453
2128
1756
933
1443
1272
421
1573
595
1707
1233
1248
763
988
986
1070
185
1491
1759
1717
954
1771
469
1838
1512
1344
601
2238
996
90
1002
928
1243
2091
1323
1345
433
1101
1451
588
93
866
1244
703
1269
1246
578
2105
499
994
2037
1833
1450
683
2270
1339
1602
1116
747
1001
1383
1863
1849
2239
432
1354
1764
1957
228
1507
274
2045
801
2014
214
447
736
1868
298
85
1724
735
987
2011
1189
173
0
1720
1351
2083
589
1704
1612
2218
571
2211
35
1607
1355
795
82
1338
2265
1057
551
88
388
846
2016
1497
2146
1357
608
1980
602
78
1616
1713
89
1334
990
1350
2271
1013
610
489
1114
814
741
1195
1880
473
64
54
958
2110
83
1582
2040
2269
685
1752
1210
605
700
2038
594
227
1122
338
1465
1501
929
231
74
1858
168
302
1012
2048
2005
1874
1273
1727
956
1701
1531
1096
793
1530
333
327
2114
1834
2284
494
596
191
1251
609
403
1440
18
1061
1242
1214
1500
1342
802
2124
1786
331
1518
288
1533
1368
491
464
1253
860
2123
225
813
542
2217
1854
1317
577
2293
603
1722
2015
418
615
1389
1099
1187
1718
1051
2138
1213
2221
1456
1593
1275
45
726
295
80
732
1337
834
217
843
1241
564
209
1792
79
1499
1346
233
2159
1753
1352
737
12
429
1785
939
842
32
1075
284
583
1387
488
2020
1259
2025
2133
2004
230
479
1890
851
1528
591
444
2157
1376
1696
936
702
2272
1770
1422
1498
745
335
1921
952
1769
1373
1767
2177
566
1958
223
587
2268
1371
1853
1751
849
1613
2094
1877
730
183
837
1523
2111
1774
1029
1327
2126
1892
1276
310
1378
1879
1676
2212
235
474
216
1010
1343
1067
277
1615
658
977
2036
555
1748
482
590
768
293
1903
1963
1297
654
492
1089
746
2108
2294
870
70
1548
2234
1434
1780
1336
2084
315
300
2034
689
693
232
945
1308
2106
424
1772
773
2275
1315
2028
234
1078
931
1319
857
5
1031
27
1979
2276
1444
818
1356
1109
616
833
1839
1641
1711
696
1274
261
1605
38
2098
1212
1209
46
1826
416
805
999
2125
1098
2135
2141
1260
759
2267
1969
2301
294
21
308
1845
1627
299
98
359
2260
1517
208
305
1298
1340
1086
2082
361
1470
1973
509
845
687
481
41
2053
2002
352
346
1331
1247
449
2099
678
7
1885
132
1647
465
1011
1019
944
1586
1349
1686
1006
1398
799
1529
1866
508
53
1062
764
1994
2208
1234
1358
182
84
1333
1256
2030
161
1366
1570
650
1200
472
675
2259
2220
947
336
1347
1872
2041
1267
2001
280
101
42
1093
550
1262
484
1851
659
841
1714
1190
1266
1619
599
2081
282
219
1842
1504
6
1124
1817
1365
1312
430
848
1569
1448
1095
718
1763
398
1843
800
19
72
2297
503
1563
1965
539
1004
165
2219
1171
2286
1962
725
1539
490
724
771
2131
120
787
847
697
1318
1511
1768
30
1906
2151
556
1249
765
581
1050
943
480
1468
423
1970
3
1313
1207
1867
307
2257
1966
2231
476
11
1824
775
1810
739
1506
617
69
311
170
876
1084
1508
2066
545
534
2088
2137
1409
138
1226
1693
2299
1433
1310
317
803
2026
1745
781
1168
2021
1893
1326
561
660
1636
226
1536
213
48
574
147
2190
501
1799
1198
2224
1325
211
2023
1544
1610
623
1065
1864
1069
1954
1546
1798
856
344
530
58
1467
1589
1650
1126
286
1549
2173
1982
96
2202
445
750
177
249
166
248
1083
394
798
1380
1113
1008
468
323
502
56
360
882
1024
1353
1232
1252
854
2065
1576
1094
2162
1852
1466
1670
1634
160
328
1899
2278
853
486
334
2166
2298
2118
517
470
1900
340
193
815
1300
744
1637
144
1657
873
1638
2148
559
840
681
1377
1111
755
664
2092
1410
2097
984
1597
1493
514
2210
1737
123
624
1665
647
1575
495
1100
756
2263
188
257
1163
614
1270
1554
1091
532
2109
452
1418
422
762
701
187
2256
239
1265
371
2127
2261
783
1156
1283
1567
1386
28
1085
563
1632
1040
20
2008
186
245
1902
2029
395
1486
2156
2216
1744
2254
1883
1784
1804
1320
2076
1045
2077
142
1725
1154
979
1411
252
1797
1223
720
368
1166
47
1697
2280
920
417
1861
547
751
1985
1446
2153
1775
2209
169
1003
497
922
322
162
811
443
921
1989
75
2104
1579
641
215
1561
477
385
1541
1668
809
507
1802
1932
2168
911
1516
1914
1630
2017
266
463
2274
2139
1742
633
723
865
1167
2236
1510
1646
1271
2042
916
969
2054
1105
677
2067
1
1073
1153
1631
941
1304
1301
1836
1916
1875
1016
665
869
350
1600
1305
1457
1519
877
515
585
586
2055
844
827
652
1278
672
2073
378
1492
584
872
1400
1048
740
1572
1658
785
1611
400
1146
699
694
1330
1173
1738
1816
1261
1388
244
1680
253
1017
573
1521
441
722
983
1590
2003
1264
1803
1102
2169
1984
200
2285
1779
1142
2287
1585
357
91
1138
629
1823
1208
13
569
1509
1176
196
2292
560
24
1115
1316
124
460
250
782
2010
1141
1054
71
440
189
1581
39
1184
1329
1956
1645
1550
1211
1395
243
475
100
780
852
2056
1790
568
1364
2290
1618
341
1250
2009
345
224
1869
1729
582
1712
1715
367
1372
1287
44
1562
1927
1944
1240
329
897
2027
1971
1976
2075
1106
1221
2032
419
326
1196
839
309
1981
1912
105
1809
1626
246
1829
2033
951
262
292
2043
925
375
318
2102
402
627
2060
1939
758
1375
1197
399
180
1782
644
155
304
500
238
1639
1206
968
1882
175
878
1202
220
380
522
372
1671
738
776
355
980
2266
203
154
1108
908
167
901
742
263
1870
918
1690
1791
666
2291
1964
910
289
1144
1090
1977
428
1139
712
1660
1245
1841
1033
757
106
86
281
893
1805
306
1682
1178
114
1891
754
2121
2085
2243
989
442
2172
2178
2119
1959
1502
2244
1897
437
1515
1285
731
1886
1603
554
598
268
1527
1565
1228
961
2296
156
1032
260
190
1405
478
1469
2074
1488
2235
940
1341
438
404
567
1292
662
143
819
1494
8
247
1543
788
218
1014
1783
1052
351
2302
580
1535
868
1071
1155
104
974
1934
1459
998
1595
1296
1077
254
136
686
439
2279
1119
2186
195
1495
1524
1254
51
2163
1476
1041
1878
2089
285
457
1143
523
179
1614
237
1035
109
890
1335
1945
1417
2237
807
717
760
297
1299
2215
1947
303
2149
1426
1865
436
797
126
861
924
1458
767
1827
1005
1622
1231
496
1148
204
107
592
1749
1215
1911
1716
2171
242
158
1485
2031
1706
1991
1732
570
1800
52
2051
1723
1628
1950
462
1188
1018
1669
1236
1428
1055
1719
76
1773
2189
112
1123
119
779
2035
1691
1229
172
129
985
108
493
2049
976
408
1302
2152
4
1280
997
630
1955
1700
1420
1859
769
753
1020
1478
525
957
376
68
2143
141
1675
891
822
705
1855
651
912
153
1968
1205
2079
907
1288
676
1127
2103
1635
176
1781
1847
1542
1721
2130
343
382
1391
17
734
22
1072
1419
1442
2192
1568
384
1374
1522
148
1761
991
258
406
906
885
117
2059
1397
1731
1415
2288
620
29
15
1403
1623
1598
1538
374
1042
1684
707
1765
1811
2250
1026
325
128
37
2101
1642
135
926
2180
1282
1455
1996
914
2145
1835
171
830
1695
1435
2080
558
458
1547
892
2241
2205
1192
1475
2142
792
411
1871
1009
145
1918
1952
1951
1217
1653
962
727
1180
2170
498
1910
356
339
541
1978
835
1557
1766
638
1430
903
992
121
1328
1463
1540
669
593
982
324
1840
1601
883
1043
635
960
287
77
1901
241
256
1322
950
1702
1125
115
886
825
1822
267
520
34
264
1484
151
1056
110
513
889
621
2134
816
393
1277
1938
1007
1181
1268
1295
1787
1074
1830
597
1926
332
2230
932
548
874
1046
2068
2204
1390
653
2095
57
283
2132
2179
365
804
1735
938
729
831
1128
1922
1577
2064
221
1583
1414
2167
1942
229
467
2195
1222
1924
1107
279
899
1923
733
265
1281
1129
2070
1998
2176
1092
1999
1862
967
2258
1227
1432
1740
435
1604
2086
337
955
1941
824
251
2129
2225
1894
178
1933
875
1663
557
118
2072
533
1021
95
2164
728
1755
1427
1028
625
26
1992
1162
1588
1306
636
450
1688
553
1776
713
412
864
810
1685
2165
1218
1134
2253
512
1678
164
194
321
1726
2117
149
528
2018
146
529
202
63
1808
99
2207
632
808
2120
1699
1993
1818
1904
1961
715
1324
1777
405
721
67
862
1788
1437
770
1537
790
1896
379
2255
2174
1464
786
934
1082
1406
904
1199
127
1220
2273
1825
2206
674
684
828
1560
2222
81
1806
1754
125
1503
946
354
425
1161
1473
1039
600
1477
1850
259
708
1164
1487
301
948
572
965
1995
2246
59
1705
796
1594
1596
1919
820
640
2044
695
2184
1393
953
2247
504
1558
2197
1023
1917
174
1416
838
2050
1147
1286
1047
543
1974
396
670
49
552
1571
2187
1574
1551
1946
199
688
626
1796
1795
749
210
1394
1831
377
832
1505
1929
62
130
531
483
1876
1709
1736
692
33
743
1219
25
92
2144
2012
207
134
55
1132
353
613
611
913
766
657
915
312
1230
949
1135
1687
1674
1381
2289
679
546
1036
2061
1027
415
1362
1640
1404
1758
1370
1131
1552
1130
94
850
342
642
255
1559
373
1555
562
14
1606
159
829
2248
1150
60
1193
201
1990
347
1068
1165
1832
454
1807
1915
387
1263
527
966
604
1441
863
1975
1679
2223
1710
137
1479
1591
391
455
1474
1379
1152
1140
2252
927
549
2198
540
1392
1359
761
1935
1692
485
1496
1578
1801
113
1447
671
152
1103
1117
50
410
2
1314
1454
1445
2188
2006
1907
716
526
1819
1053
1258
103
1848
537
278
2150
2264
752
1038
1436
2116
1599
313
2175
993
2228
1651
1609
1399
2229
1064
506
1133
789
618
606
1793
1030
794
2203
16
2069
1183
1289
370
935
1367
1396
535
40
942
709
1556
61
836
1284
879
1191
1857
643
1237
1750
1170
330
1895
1925
414
236
1203
2136
565
1920
453
1815
102
2245
1025
1104
487
656
772
1489
1730
516
1633
2078
1238
970
1747
637
1743
667
276
1739
2046
923
668
1080
1429
518
972
698
270
680
1407
895
1694
1592
1136
1629
511
2140
2160
1361
1309
1624
1928
122
1225
2147
1608
607
1158
157
1169
401
181
1972
1860
2233
2185
871
2227
2022
1472
150
1873
2240
461
888
1110
10
420
1034
1672
1566
887
1151
1321
466
1620
575
1677
2057
1757
1728
2100
661
163
31
198
1654
212
1293
1564
2200
2303
192
1887
446
648
1081
964
362
1967
826
645
1185
2251
1402
649
2262
1481
1179
812
2000
206
1177
2199
710
87
197
963
271
1828
1423
1424
397
1844
1683
1088
1661
1480
1059
1931
2039
1421
1311
973
1303
1778
1644
1175
1482
1520
2201
1216
784
880
2062
1182
1666
690
622
1625
579
806
1097
23
1049
505
823
348
1821
1708
2158
1584
1160
1063
269
1953
1587
1172
1137
2232
2181
451
1149
1649
1076
1580
691
1255
1079
131
521
471
1425
919
43
2194
682
2052
673
631
431
363
2281
663
634
369
714
519
316
1235
1279
448
1060
389
855
2295
2122
1239
1812
2090
711
909
2047
111
1174
628
1734
1940
1438
1384
1360
2249
884
791
1762
272
1145
896
1881
930
2096
576
1673
140
1159
1664
1460
774
1746
1471
905
867
1044
1997
1937
1943
184
1909
975
1987
646
1760
612
1698
719
2019
1648
1385
9
902
1545
1988
1534
2087
290
1681
97
1022
1015
1905
2013
459
1813
1789
898
1408
409
1307
1908
381
1689
2196
959
1948
66
1820
1655
1667
1930
1412
1224
1490
2226
510
1884
1121
1462
1888
358
894
859
1294
2191
1058
544
1483
704
386
1643
1413
2161
133
639
1087
1913
36
383
2063
1733
619
748
273
1401
2058
319
73
881
1118
65
1846
240
2182
205
1120
139
900
1382
1186
1703
2112
1431
1553
978
2115
1814
2193
366
2007
1617
2242
222
1898
275
817
1656
1348
407
296
390
778
1741
1204
116
413
524
364
2183
1652
1662
706
538
1037
2071
1936
314
1290
1949
1837
456
917
2214
1889
1526
1439
1332
392
655
777
2093
1291
291
349
1194
2283
2154
1986
434
1157
536
426
821
1659
971
2113
1794
1257
