325
1093
1861
1262
409
616
1769
1001
1605
1958
71
1201
1259
1526
793
761
179
243
2294
1612
1246
1388
758
2201
1190
1267
568
1162
2022
2117
2227
857
940
1723
1116
983
1504
1459
145
785
1972
1049
1693
365
921
439
621
1067
2116
910
1349
1092
2024
591
436
464
1312
598
2137
360
2104
1766
332
497
2214
1068
1867
1949
839
1203
401
505
1607
925
837
694
1187
2002
1249
92
1964
487
1382
61
2278
2017
105
1495
1324
1433
820
67
906
1251
1129
1617
2007
1623
1969
836
305
791
2134
981
226
1691
1708
475
363
335
1611
69
2280
675
140
2070
1956
397
843
581
142
1678
494
288
324
19
1365
1499
1521
1863
227
1875
2071
2030
299
1195
646
153
441
1056
20
2155
587
1888
2199
479
1467
1857
669
1134
1250
109
1496
1895
692
2219
480
1002
1132
1602
544
300
1606
276
1760
1054
1133
873
1561
1124
81
1127
2213
47
1716
331
1418
87
1205
2127
2154
1196
2149
2279
1518
33
2041
1711
1955
1686
937
734
753
435
346
618
1809
1462
277
1751
1302
2044
428
2190
1815
1436
1366
1674
430
984
466
121
185
695
1107
657
846
1930
1638
1185
566
204
1213
1784
602
68
1166
2035
419
1629
1963
1088
1565
2025
242
1968
670
1348
1748
764
2297
1233
1729
437
1130
2082
901
1705
412
875
1814
1934
1099
2212
1255
1763
1749
1961
1377
130
1047
2282
787
666
1898
870
1204
1095
731
1212
768
345
765
1254
1604
2273
1275
21
170
532
1983
1113
149
1181
943
2092
918
860
556
1165
447
234
1389
590
1884
520
2233
1799
1601
1237
1703
367
1877
24
1870
1072
108
1174
949
2250
1534
1386
1671
1057
1381
2288
1069
953
1157
727
1198
1643
829
1765
1817
111
842
2276
1525
1017
1457
349
285
328
665
1215
1373
828
684
213
1687
976
1449
182
1994
364
823
1801
2076
403
1004
649
426
1061
722
1505
1274
52
677
312
1328
107
336
1260
2118
1097
830
1514
720
774
1721
2196
1848
1456
2038
110
1849
594
212
1170
2152
394
1673
1177
302
929
1777
377
49
427
1738
2095
1265
980
1562
1582
1744
1698
1422
486
1334
155
1543
2220
1781
1858
2153
2057
808
2299
1625
2003
1380
1553
1832
821
9
1537
1447
1927
329
229
1131
2120
1768
1869
88
1326
362
1665
1536
217
1933
1234
23
43
1821
1282
129
304
1120
1358
1471
2066
794
1173
422
6
859
759
934
1719
248
1610
2112
1618
951
2001
1104
1000
63
653
1973
1160
737
249
338
1336
826
75
1455
1943
413
279
1304
28
491
18
289
1887
2302
1645
1530
2189
1159
1676
1085
162
1199
410
1588
2142
191
222
1191
1110
1248
1595
1850
1837
903
2270
2124
1788
287
355
2202
56
723
2245
853
801
1352
1383
613
1810
102
797
1689
1356
211
460
2144
2269
1609
146
481
642
2224
1853
693
1016
668
1945
1900
90
1111
1421
717
225
1696
2205
567
1855
1320
231
245
1581
223
1270
506
1492
877
658
1171
1717
1313
762
1555
529
2032
2040
449
2046
1589
2029
1702
1493
1100
1791
1236
482
1329
2050
1494
1746
136
570
1787
1715
1522
2093
14
1975
747
416
91
1103
1866
582
77
232
1425
2257
510
326
1327
1379
1570
2101
852
73
2204
2028
1633
688
2105
554
533
1351
1252
473
507
1452
1469
728
861
1580
700
1140
330
2010
650
583
978
174
2019
2011
1896
1193
788
1631
867
2063
512
740
17
1771
685
84
2281
278
814
51
70
187
730
1280
1340
571
2109
2131
1423
1548
1785
933
1978
959
60
1988
2133
1942
1020
1461
2081
2180
1482
1268
998
988
1598
490
1576
1308
1985
1683
298
44
1903
2217
1256
143
2135
1621
993
1592
595
1303
281
519
103
2192
662
1675
597
2139
1500
7
1938
1905
1026
2079
216
1695
1210
2253
884
756
82
1682
189
1018
896
1331
472
1434
645
1232
1299
218
920
1681
1087
391
1752
703
1779
699
1478
417
2006
351
1839
844
1224
973
2229
172
575
518
914
2047
1594
1962
264
2034
431
514
1936
2225
708
1825
2049
780
1664
1229
386
1600
2237
1835
1218
573
1753
1319
186
1189
1059
1630
1440
1559
1984
22
1615
421
1697
1305
2291
2020
2036
2195
1258
1169
1448
1038
39
1052
221
273
1417
1220
2265
2285
2207
1055
956
743
822
0
484
879
614
803
1241
2078
144
986
2087
418
702
271
138
806
1460
1735
672
563
2284
128
599
1977
2275
2156
1818
2211
2252
1642
2064
210
540
739
1728
876
1226
1180
2065
1137
938
250
881
1597
1793
858
286
977
137
334
2264
2027
1507
1019
1976
954
158
1941
1591
683
2141
384
50
147
714
1713
732
2136
485
970
1332
1567
2111
26
1634
2089
1551
1465
659
283
2151
2263
1881
777
1647
201
1172
1586
991
176
1925
1239
1996
37
719
1808
1046
165
1089
53
1487
1202
947
2301
2072
718
2261
183
1566
2114
1243
1041
1335
274
1554
1758
2126
1077
1015
320
1009
1885
2080
1176
548
1757
451
1272
1712
1117
689
2295
209
1840
303
710
2132
2075
1325
1568
1528
593
1028
898
175
1640
1128
1836
2179
1852
1279
1889
1253
724
1073
169
889
93
1575
1311
76
181
800
559
608
2074
1363
726
1644
1003
1207
83
502
845
874
2249
488
62
2246
892
1076
1297
257
2145
752
1391
715
159
40
534
240
1789
960
687
965
1569
195
1289
1880
2005
1333
1040
851
610
1775
1725
1948
1424
1924
2186
141
2033
498
952
660
2172
2055
1755
319
912
755
1574
1915
1802
535
1245
1871
465
1445
511
871
948
786
2182
812
2067
1865
524
1096
1923
203
770
1347
2178
414
1726
284
550
171
1384
769
1153
513
622
1266
2268
1626
2203
402
100
961
927
1481
1273
633
1119
972
1834
1078
674
1369
1727
1361
207
690
1544
745
926
106
1065
763
2013
1970
1013
2191
1603
32
2238
576
1186
1660
930
1214
931
2016
134
1479
350
1844
878
1396
1564
676
1797
96
458
1762
230
1298
1616
609
1473
469
1794
1223
399
543
1819
1475
1235
1444
1509
825
135
1109
1512
161
1774
1240
2073
1122
1517
1080
1458
253
470
1296
2161
2223
452
1490
736
735
1997
196
381
1206
2184
1929
555
219
2023
1278
372
996
1442
27
782
1463
999
467
696
707
1893
263
1011
215
220
1722
2140
1050
2181
2260
1343
57
2159
327
1142
560
530
1318
29
1037
1105
2262
34
648
1992
2243
366
2187
503
280
2052
2210
1807
1071
55
1257
46
1470
982
577
177
974
1619
2053
1920
443
205
236
1284
1901
1062
2146
716
1982
1796
89
188
1364
1761
1613
866
256
1649
1659
1864
1764
772
1414
124
1798
1409
604
783
306
2102
962
25
160
1079
819
1474
2226
1596
2218
572
1669
528
663
1431
1230
1622
347
679
1042
923
1778
1295
318
445
1064
2062
118
356
471
1741
713
552
1014
1488
1506
545
886
407
617
1980
706
1883
691
1886
10
1993
104
1666
1168
1484
1228
1742
1511
517
438
2048
293
831
1115
802
1167
1829
1862
296
385
1754
990
899
2077
1439
1845
15
810
1657
1468
314
1344
1353
911
2200
869
323
2128
944
265
2215
375
1928
1516
1578
1770
1937
2193
1029
897
1489
434
1584
1830
651
1806
1879
2148
48
1035
1183
615
2068
398
1653
1063
1995
2039
400
500
1427
1947
1954
309
316
558
1281
1341
132
79
1039
2303
2248
1192
405
641
122
885
601
1101
1860
781
958
290
1732
1663
1950
390
635
2209
1084
1161
1359
1300
1307
1990
1535
307
2287
1033
1420
200
2293
655
247
855
1706
2235
1590
1477
832
804
2290
1294
1125
709
1542
259
2018
1624
2138
2147
423
1579
1219
2108
64
1146
389
1772
767
1350
2037
905
992
2094
139
148
1102
508
1792
125
607
1843
233
776
1811
2222
766
167
457
509
2236
1464
1357
838
1951
880
957
2009
600
2241
1144
1756
2198
928
1661
1005
863
1935
963
541
1911
1704
1651
66
1820
2277
738
1360
872
275
1152
1010
890
1747
2176
13
190
301
2300
523
1368
584
1355
1392
1288
1025
1998
2292
1648
2174
546
1070
698
2106
197
1608
476
1854
1419
1680
442
1074
705
1823
2099
1655
1293
1393
379
1310
1200
2021
640
725
1614
1874
848
97
291
2083
1804
1546
936
1337
654
939
1217
420
1428
1112
1730
192
919
340
2234
749
631
1330
1405
1339
2230
1136
178
495
1932
1515
1628
564
461
1641
116
1156
1912
942
2188
199
841
2088
627
1209
1838
1175
489
620
1066
1338
1149
1587
1242
1044
1216
1402
2054
1370
750
1031
154
1263
156
1967
1846
1043
1491
1008
815
2097
1472
1922
515
411
1404
333
1454
150
1283
1965
268
1408
1944
1012
971
864
1321
1904
251
1030
1743
239
270
1286
2283
406
501
1931
900
1563
45
1438
1264
612
113
378
292
235
1583
840
58
950
493
1486
1058
2015
1375
1701
392
1718
1926
2150
36
1999
917
1971
269
1301
1429
1773
86
2177
2096
678
99
1060
1437
2110
935
916
1222
667
1733
1684
1812
2272
968
2162
2255
522
2059
1909
1714
1824
1179
358
396
1940
729
779
1939
1138
1082
1354
444
2115
1430
2103
868
623
557
2125
1271
1238
1851
1314
1868
343
1989
1090
468
1466
2254
1957
1182
1558
31
1652
784
2247
1372
549
1148
626
1700
1828
382
388
850
967
2160
1446
775
339
1184
1620
2171
2166
882
2251
1426
907
1143
1847
904
354
2298
771
374
1710
1572
1960
547
741
1032
656
2274
2084
2163
578
1679
463
586
1790
1036
2026
1571
637
1269
1831
1882
72
561
272
1529
2085
1412
357
1508
2258
1480
2042
1276
282
611
1367
1816
2232
446
1
1091
1776
315
824
321
682
1385
1593
596
95
317
1974
531
295
261
258
2060
1959
883
945
393
985
1690
238
748
474
589
12
180
932
1322
989
1410
462
551
902
629
536
1739
1006
652
1208
1106
1639
1520
537
1024
1453
352
117
1677
1374
1759
1476
496
1585
639
1051
1667
834
1856
2000
166
1577
1435
1034
1552
1323
915
634
922
241
1225
1688
266
1627
152
1083
98
1991
337
206
1441
1094
1211
569
579
380
308
1394
975
244
424
1290
625
1399
1894
835
2194
1656
632
1403
455
817
429
887
1147
1150
1503
341
816
1098
2091
697
1022
1345
208
2130
115
342
3
1800
1485
1782
751
987
1981
1685
1918
1416
1899
11
854
1261
1342
1048
833
2216
1502
619
127
224
1135
1287
1662
1523
2231
246
605
114
1497
2175
862
313
1646
2267
94
1670
2183
1872
1164
254
368
1527
1376
1108
2122
1277
2129
603
1795
1400
1121
1632
746
310
1750
361
1306
795
2123
1346
704
168
1891
2173
440
526
2242
1914
1573
1227
1892
790
4
542
74
1946
252
1309
1123
1390
1783
1362
565
2206
1907
2158
979
1890
891
1650
1987
1637
1805
260
1822
574
744
1053
643
131
1919
1826
895
1292
760
1668
450
2004
733
2157
2165
2098
1859
2286
1786
941
297
562
8
2296
994
237
1407
1086
2045
2185
673
2168
433
2271
2008
1599
1921
671
2
2143
1291
527
1221
647
1315
2069
1532
809
1081
1247
789
2244
267
796
1707
353
2266
1878
16
2121
1378
1387
151
1139
538
1906
969
453
123
894
415
193
1397
1145
311
1450
80
913
1483
1163
371
1737
521
1699
585
686
1114
1178
1126
2031
811
865
477
1636
1443
1917
1141
1519
849
2164
964
65
661
1194
1538
1966
101
1740
1549
120
1524
2259
1953
369
606
456
888
997
1910
395
908
1952
1876
1913
1027
1545
1151
2256
2086
966
133
1510
1720
856
85
1451
798
2208
1734
2051
955
432
1415
5
1395
2100
2170
847
1654
909
805
1897
701
119
112
164
638
1498
1540
54
344
754
370
1902
35
1244
454
184
348
2014
157
1635
373
126
202
2239
1731
78
1813
1827
1692
194
946
1986
1550
359
2289
773
1724
712
2119
2240
592
499
1672
387
1557
2228
1285
1531
1694
228
1873
580
1547
644
1833
1023
1316
924
294
630
1560
1556
525
1317
1979
376
778
721
1401
198
408
492
1045
813
30
214
1154
2221
262
1736
1767
425
459
1158
1188
539
1709
1007
799
1745
1118
680
1411
1371
2197
1658
38
2056
636
1432
742
173
1021
711
163
2167
1513
2090
41
383
1803
664
448
588
2113
1841
1406
1501
792
478
322
807
995
1842
1197
2043
1398
2058
2061
504
1231
1155
1539
2012
1780
404
2169
827
553
624
681
818
757
516
483
1413
1916
1533
1541
59
1908
893
2107
1075
628
42
255
