23079
4671
11603
25876
32589
34856
25176
24343
575
3159
27383
30095
34871
16994
3141
12330
6129
17423
18204
30376
31744
18837
31623
23802
6561
15819
20971
8767
4727
15407
3814
1008
28613
20301
10351
26317
35713
17935
5688
6540
31011
7421
25696
5974
29972
31691
30865
32555
20926
16085
2296
30413
30775
6101
5905
7417
25697
5452
4566
14993
19356
6648
10186
18433
12082
10535
18983
28850
36651
4793
16001
28148
18791
8680
8082
18375
3434
5624
7414
8618
11268
10849
12898
10449
27952
17929
16953
24963
25044
21049
5135
31472
7563
23638
22031
2642
36678
2709
5634
36631
30690
10156
2093
35367
9163
14012
16854
2652
14859
25153
32709
6284
12748
29272
28629
17966
33910
1356
26134
32582
30724
18175
13614
32446
24833
10791
7015
27678
29817
22300
8378
7254
18060
4522
33890
12757
11798
22278
32048
30175
6413
11382
33236
30728
25999
13964
33026
3576
31757
4135
26679
18408
6255
26049
22737
5226
12855
27958
28930
34268
20133
34191
238
4276
11727
3986
33493
3076
32461
26079
21320
16693
10096
5561
34580
34715
7986
35730
25886
35787
31970
32107
5383
22590
4334
27150
1689
1753
5678
36217
6165
35761
34865
25041
10285
3225
27946
7237
30630
5725
23631
34512
29973
25712
28929
24477
26262
35527
13157
10039
17387
34331
15217
11172
11796
2927
29701
14079
12292
21958
23891
12178
35656
35722
30230
18310
2979
26295
12055
7172
9726
28107
19151
5404
17786
22444
24443
17124
30891
20920
26616
10174
34232
27517
17800
6735
6557
22206
30283
15715
24037
23480
6060
29241
27628
6173
32946
17465
8325
600
25613
16037
26232
36645
12788
2129
26031
13003
8823
32453
8427
1800
22653
22734
31585
35919
23107
29282
13879
24961
11517
29327
13013
36203
35082
19453
34181
19677
17311
9291
26977
36751
8
36685
15259
21164
4695
6385
8889
30901
33239
9044
26367
28402
34278
10222
19413
4978
5841
26454
7208
30799
24754
13409
12402
15430
30702
34726
30378
4521
2097
32933
19803
2674
24879
3924
28493
16386
29949
11217
24015
19089
12523
19069
34874
26335
1706
17807
30136
35906
9074
32244
2656
5449
22517
17224
3421
30178
18251
30496
35028
30826
22639
27544
18896
15850
23974
2672
14155
28847
25870
18359
18488
30742
24390
30223
21602
1700
27313
17841
22211
18849
8662
34049
33078
6090
20905
32080
30619
23123
14415
11136
30485
34822
30726
12910
29140
3380
13320
27874
1878
15882
19878
26187
36436
11312
36262
30260
31099
2295
4331
26280
20119
8779
14379
34654
17317
34760
21608
3583
7893
18196
33869
11731
25483
30786
35986
4696
23487
114
19161
29814
15316
8321
15447
28817
30558
27376
15385
25903
28975
30172
34378
34335
5885
18223
8692
17237
32426
35287
20968
14372
25920
36269
30474
10302
24162
29135
19710
19166
30228
4596
9738
29137
32166
23016
10657
6431
11860
4241
34301
35261
9589
27394
1127
5430
7776
20224
8391
31086
20251
36176
25586
11816
10856
34472
18507
23022
16325
13296
11171
27984
33433
8231
11408
20066
22986
305
17319
16884
11951
19076
29982
9965
16809
15707
29073
7201
12597
19915
6757
18086
26009
2024
10819
26400
9153
26800
8648
15402
18953
19740
2946
24347
2426
21659
882
6823
22193
27263
16350
29880
6114
15859
3232
4564
16388
19633
24694
16023
36522
19348
3460
31203
16875
19117
389
2897
5415
35719
21115
14800
11973
18936
33293
26769
27598
27868
24260
12697
7702
21391
26666
31017
29888
4117
364
9335
2350
9199
28894
27886
3568
9060
4683
29794
12629
2028
35107
18346
5067
22522
8121
5206
24239
25322
36764
29525
21959
15100
25668
6163
17516
4189
21757
20946
27992
26081
503
5519
17953
2411
11112
25394
8430
28811
18719
23831
11781
3680
6827
24987
11653
23162
7473
32322
2081
15564
30609
133
30325
1027
17849
16049
25711
29544
27937
10636
13870
8983
22583
9775
33841
30515
30707
23247
30446
30839
15333
9032
33797
17566
30647
26799
4098
500
20772
4404
32231
8932
10997
31381
31964
34190
7148
5942
35639
42
18920
28687
18802
24664
18425
4232
16696
6414
2465
4868
898
35785
9939
11138
12411
1024
2767
6673
4673
16155
18330
15025
30676
30757
26798
28352
6099
8151
32434
34538
30289
11150
15061
6386
14942
36391
36542
30522
19776
34742
3032
22321
1928
31906
28392
18230
22049
23165
9485
33235
9867
28017
23909
26494
4836
24859
11729
31479
30281
29305
13529
23044
583
28373
5866
8024
7380
6617
35228
28983
19155
9231
33934
16980
22269
18136
20936
959
28663
10950
20347
17253
26217
2314
6008
4307
19330
6439
18706
12290
22574
32728
21090
27211
6247
19498
6476
36755
3112
27681
18494
32042
17601
24713
24404
3388
4015
20431
1932
7348
6876
4324
34786
10070
13039
10486
26613
19303
6446
60
19045
14385
35340
7446
7542
550
10470
29761
28221
11422
5672
20887
20014
31271
17692
35568
3661
6714
31103
35063
16992
3412
20718
21844
13374
35923
35614
24751
22343
11290
20792
1144
23729
35926
9361
33270
11543
1629
10457
32221
34098
20493
20373
32540
25676
27100
5794
28040
29139
22487
29773
5799
33860
31309
29821
24593
569
10436
29556
31785
4952
14338
15668
27532
35653
10813
4295
7507
18193
31628
22445
3024
11969
18437
15949
2782
7484
28212
35988
28950
33060
19448
7517
628
21926
9886
33801
31375
27867
22334
23140
30426
1046
24796
621
15352
2116
1631
15610
10056
4887
6782
17679
23629
7523
31767
180
32820
6327
25291
33009
15676
5865
18858
24160
13791
23460
6506
8403
28477
6189
16758
30674
13325
2107
34915
27260
31981
29045
30656
20121
7334
29804
13276
9079
18134
30657
32518
15127
6512
18392
19811
11864
5104
14312
23585
15989
5728
9645
10935
30741
29414
22470
15727
34744
2521
22533
13846
15609
10511
27956
596
30668
15963
14750
33383
5674
9730
6282
7822
28291
25877
11149
19694
30349
29113
11177
11542
19364
7655
20527
33261
28487
1206
14824
5366
11659
5069
2626
12888
5541
33514
35343
23556
27718
33283
14031
25782
32504
16917
30431
23550
4066
18955
15341
33404
26355
2392
24933
25538
31599
26632
13727
17039
2552
24589
31143
4143
29342
5679
16402
14762
22880
28715
12884
17422
618
17156
10878
35511
2356
19542
303
24722
10718
4983
7042
9905
21367
15108
33324
5294
34820
2188
13692
28424
34878
4401
1453
27768
27943
8705
11940
28818
31366
31184
10049
33175
27318
26082
5671
11510
7432
14568
8019
24148
9802
22752
35934
13140
28875
8074
6196
5777
13311
21032
24874
7216
2279
6867
35262
36599
26982
8248
34026
7452
31447
11350
27285
27283
27348
18442
11430
32399
24668
14357
34609
11514
4240
6569
7285
20381
16942
23213
9526
4719
1353
26664
25240
11361
6225
27494
4375
32206
13496
27361
35715
35532
6628
23876
15888
28887
18162
27869
26308
34788
9854
27661
34772
13627
3405
25113
31439
20957
36419
7778
8666
19819
24993
10269
5758
17044
15370
27527
15031
8225
35834
10889
27405
27689
22251
16277
33016
29159
18081
22733
567
15021
32655
2894
10654
15095
7022
18349
31457
18794
6762
10785
2284
15729
26466
36701
36078
12861
28638
26128
4756
30068
9821
29788
6124
36805
18024
26282
9479
9776
18335
22984
35485
13787
7837
24527
26973
27238
36007
25164
7023
27352
1259
16507
33541
8708
25721
14962
1421
5195
33755
33401
18075
18404
26753
15793
11613
5585
5802
15666
6748
35227
24619
28630
27464
6496
2910
34866
19082
8879
16698
5960
35448
35502
29238
10370
30491
3321
7067
33073
16429
9305
11388
15649
767
31494
26755
27476
22866
27810
12101
29244
21105
18560
1054
32358
3978
34851
21195
9860
