3996
21954
4367
4530
21279
17858
8626
34134
7860
17495
8268
434
33615
30583
20779
17183
16681
13399
27146
2646
7693
6678
20079
29519
6742
11956
13762
30535
25720
13590
7198
34611
21831
26439
22663
6719
15983
25423
3597
7868
27591
31177
28223
3030
25241
30515
11117
8092
16692
24363
34951
25919
4783
31643
1661
2623
11807
11294
34679
25799
23483
24854
36087
6796
6027
10902
12251
2700
1978
4956
17769
31386
687
21865
23285
22882
10317
6825
18786
34825
10815
35011
16973
16818
287
11195
32722
31991
3772
33926
3102
26487
30038
1474
3833
271
12110
32296
12994
6038
33493
19387
7942
31422
36167
32053
24569
21591
15363
8155
1604
36149
8876
20267
32264
29555
6647
19459
36661
1208
27081
17323
16655
35015
12654
11789
6872
10551
28213
10968
17735
5570
3195
19486
8711
29032
15157
15880
6929
29397
7126
7805
16683
17090
8463
17053
13631
6237
18833
7812
25525
29337
19981
29010
14631
26340
31229
5231
10479
27326
30617
32149
18567
15885
26791
2232
4567
2386
6871
28979
4526
33106
10113
28997
412
23349
15856
29474
26688
19253
21409
5757
6807
30921
6464
14901
18972
30436
27527
26518
15023
27320
7479
1302
11609
36044
30729
27661
21901
22823
29624
12038
16004
706
20136
6221
31242
12069
14522
23103
5709
33433
20473
34792
27445
4353
24649
33651
24333
14266
36289
16284
28980
33046
6717
7021
19228
34027
16750
3764
9052
9121
5964
16790
15311
19879
19098
22325
30755
27770
26978
22117
34242
2417
20100
24629
19030
14876
36621
2613
28725
3383
24909
22621
27547
4905
30918
6017
34119
29599
21008
6517
10123
34405
10060
13942
33343
5644
5754
17805
314
7929
14690
13087
10859
33438
18633
4383
1757
17686
32138
29823
9327
6707
33154
8879
4410
26066
35351
875
29370
1935
12586
306
35509
20156
16912
10333
35273
12348
4615
32707
7711
18315
2776
26072
5090
4925
31413
16303
19143
33919
12281
26701
3126
4671
31861
31757
8053
22401
35239
1122
31431
14946
32284
29783
6439
14400
35900
9666
14778
8185
8544
12274
20999
9829
5014
12877
25378
35943
19976
12722
13446
21638
29052
3368
18229
28950
23897
24077
30662
10743
31548
22537
10892
23423
21205
8955
31847
22486
5853
3716
20184
15390
28236
13517
24914
15132
16682
35573
18496
4012
19858
36024
430
20033
27212
30015
23489
17542
20914
4172
31074
31966
21186
31541
25929
34532
23954
8980
24693
16651
31735
16672
366
1921
22222
11723
3141
16738
32316
31771
27420
27575
33281
2550
31421
24196
6806
30168
3211
20867
32319
15344
29333
14674
8719
30682
27944
25336
21739
32282
1994
36380
15047
35832
575
27329
34758
31176
24718
28611
10903
24941
16171
30023
7513
13135
8444
7099
23612
18727
31687
36031
15231
1144
257
4156
28729
20788
5972
35712
16702
18525
25583
28111
18159
19189
25528
15303
14798
16279
36603
10910
18126
8514
15724
6632
32838
650
20556
27676
22931
4035
28144
7464
8494
30162
2199
630
17447
6328
11908
28202
10967
26419
33429
5165
11442
36057
1942
17193
30389
9146
19945
16691
11201
35715
31657
9110
2582
12183
29247
23975
32298
5871
2514
6052
14282
18969
28986
10424
8594
18329
17454
26914
1591
22949
30713
32056
27335
36725
12165
4448
23472
36151
30468
13262
24011
24874
21951
4514
10996
10068
11102
4477
25927
9023
23536
14413
29078
13784
24636
36256
28108
15482
7627
8662
22244
31866
34809
32507
30655
14401
29830
35644
1553
10935
247
28029
31669
7242
26586
25290
764
24436
17880
23879
20434
32193
32618
17727
32628
23324
389
5218
26810
33366
245
4798
23231
35957
17379
5398
32278
15388
268
14030
25805
31525
8498
2600
35662
14230
14238
12582
36267
2878
4418
23126
2368
21289
19916
7163
27693
15128
31827
28188
19970
1868
30410
7034
35149
32480
34258
27234
11398
33567
30424
12653
21544
3846
15802
28522
11190
18535
29679
68
20176
2114
33452
3149
13432
33383
9791
11153
4912
4363
27960
17478
29595
20671
30955
6854
19451
8720
26617
16444
29185
29359
25602
23756
21822
9350
22861
7275
4587
1991
35829
26859
12998
15937
26032
34655
19311
27416
28288
20340
2536
11616
32910
23555
15849
27247
36472
14934
35482
397
21164
6074
35237
33004
26627
12530
6900
5517
16959
32332
9988
5608
1366
34063
19327
767
8314
4498
12559
4372
28727
19906
1007
20802
17453
29709
27675
33333
34126
3092
10535
13511
2775
34755
29245
12814
27325
18555
35621
28745
23407
12149
25727
31135
32037
26305
16040
15264
1589
10997
34551
4907
33691
27651
30559
376
29471
34264
4164
13659
9932
22657
12535
8581
4877
30614
31619
30784
11025
6813
19119
19161
29036
1111
33323
30096
8516
19063
35170
23938
35820
418
16856
18216
579
27189
35724
18148
11888
4624
13841
32712
5739
3994
18626
28939
30455
13248
29955
11127
16088
19915
6696
30887
29344
20751
33799
15373
4436
6211
32367
12532
2343
33879
14052
324
29901
27405
32301
3545
10262
27523
26175
15809
14587
9525
26832
28271
381
9005
27753
29703
402
19399
25274
35840
15215
28042
26566
15080
29791
12468
2869
35637
1643
32757
16080
31501
1015
17109
32040
26314
16322
5695
26098
27045
11591
897
35504
21823
1115
32376
35134
33128
2171
3711
17692
32125
5572
28012
11119
3709
29446
24578
35007
33630
15083
11575
6839
6891
28097
27594
25077
26962
35330
35739
3638
32100
21126
21543
17855
33219
31928
9074
8134
24898
3568
5240
11829
31058
27626
32473
29287
33570
35192
17685
31948
29669
23978
5685
19440
14911
21291
31672
4462
30915
34778
35969
14784
8900
3792
11121
13437
7291
15048
33340
4402
1325
33076
33066
23582
23541
16648
26762
14459
31983
28565
29178
34828
858
24072
2160
8991
21188
32778
29721
8459
2113
36285
36714
18362
6295
4364
24857
14793
15746
6629
3531
6966
19011
32160
5012
9535
9186
23068
7682
33502
5733
2105
27061
960
12201
16323
2743
4420
30342
17336
32189
12782
9978
4485
12631
12861
34239
17691
18889
3056
16736
21225
8014
36392
19348
24103
22712
34713
35714
35867
21846
6901
32823
21599
2762
21574
28868
31099
5325
29735
7222
27184
27316
32555
36242
2803
25438
14871
7023
23657
25248
31071
19414
10995
1654
20747
34623
28970
32457
20844
4341
25807
21621
4029
19339
20481
6965
27133
14915
30670
20109
9620
4765
22929
11531
19007
25117
18770
32304
7313
19135
36360
33591
8734
13382
8898
5206
4622
29257
35711
23063
24897
15318
811
10234
30115
3580
25849
10363
34851
26475
4954
28200
13909
7064
34983
9058
36062
28814
11778
28459
23192
33659
14371
9716
16061
30928
6472
9336
20157
24309
22914
24066
2804
16377
6522
28361
31141
18556
2725
14705
29816
1421
26062
6610
34699
26689
18561
8131
29441
30089
31407
18390
4014
23724
8688
32825
31690
13090
10866
17092
9477
22729
1548
14520
4365
34480
35325
10568
8119
31062
13508
34241
12957
9012
27568
16576
13710
26997
17433
5487
2434
24606
2925
35251
11318
8816
9187
24471
3165
2166
33627
6204
10
23984
30725
2102
20866
32565
20540
5159
6366
19882
10210
23552
7350
6482
36224
25573
33832
6858
25489
1391
16386
952
34613
3533
15287
29123
7734
36768
32384
27541
244
15758
7640
12290
2611
23215
17613
27843
33650
26574
30479
3201
5620
9704
1089
28993
11787
3474
11643
3146
17771
25102
30855
1799
25149
3164
25716
28771
340
12179
30157
16717
25687
60
30571
18728
9008
1428
27310
10560
23216
35214
30858
36624
27040
18881
20148
14126
18021
5397
19176
36385
3649
1518
4623
26739
9163
2717
25286
723
5524
11356
24453
4837
34185
30194
24357
23543
2426
21362
9021
11903
8383
20957
29531
2726
34820
23223
27870
27895
4232
5091
20007
18295
1095
9542
19624
12271
15914
19743
3161
28626
16385
5660
5185
32887
21459
19308
242
12810
15922
7973
14106
35307
5645
32334
1547
22101
14222
12576
35474
31961
27698
35329
30696
16657
24956
35962
12690
21550
33092
34129
11901
6498
33132
19159
34299
22335
22411
25568
11259
5702
33034
4950
199
10112
4472
11192
38
36234
30732
1227
6714
3254
12642
5892
19217
10119
9236
29611
25625
30650
9949
8918
1950
22516
2833
7346
6166
33005
33353
6338
30309
27311
24982
6151
10927
994
29058
26942
11736
17874
30454
20735
32240
8296
13240
792
31254
5304
26396
14506
3023
25165
12863
1476
3841
11424
10393
17195
27865
3085
34290
30603
15062
28168
11980
31053
6386
21949
25345
20732
23867
27896
9637
8449
18504
19360
12364
23313
10214
25196
29300
26009
3128
32601
11062
5025
25459
4412
31628
36035
6455
3877
527
28741
29943
27192
10594
19407
391
24662
25612
5103
4378
29997
1445
15421
27277
5211
35601
10926
5381
27452
1838
13949
25195
11363
36429
26732
17503
3586
27549
26633
12788
1722
8240
19191
10950
36651
23250
5342
20296
2711
8888
8725
21765
11587
31512
21327
20961
14448
3646
17543
8587
17302
19872
22660
10930
3853
15812
14918
3251
24276
4039
27204
716
32207
27673
9850
35924
11284
8027
26911
13709
17165
508
31651
9575
20893
31095
23404
19660
29563
20159
23731
10787
24901
22985
15699
23932
4647
8479
24157
23107
19224
4895
33595
31992
14973
30780
6670
36803
32146
9739
34665
16586
1512
9996
440
294
4352
25937
17280
22851
15392
24201
30792
4144
25237
14603
27945
8448
14542
22977
33138
36781
9737
36193
6899
862
24747
20672
31680
9351
3590
12847
19783
12283
2943
843
2357
32663
9583
15496
6646
28017
31029
32911
27177
5840
34091
31007
36032
23644
6066
31145
14741
23755
8669
20606
16786
27573
36691
10247
3202
1239
27373
33148
18599
30679
7834
15036
33414
29342
27774
25178
14120
29534
1955
2596
10812
5432
2576
12361
471
8878
11365
4395
25151
34876
34577
275
1293
18768
15810
16910
2490
30136
12785
25795
31469
22220
26822
32272
3182
31081
20663
23702
8652
16046
35893
13150
21841
19133
9451
16300
1010
4559
15245
18602
18837
9936
36375
11739
28373
3252
12076
31477
34564
3224
10838
32629
10379
30146
22889
11157
2115
28053
35760
12596
21062
14471
8245
31302
35831
36221
14858
4020
5749
3969
35717
31343
21293
28693
15786
7165
30158
290
16567
18511
6279
18967
10047
2702
781
17448
34139
35827
30851
34445
28951
4346
35608
30271
27941
20380
17344
30947
13497
8199
17525
33245
9734
28946
29741
25250
304
19445
32841
26659
21000
29200
3789
9038
19096
9333
3062
31664
26230
33789
24126
25415
29995
30401
1931
20105
4974
168
28173
5048
32448
14742
7307
10871
23366
21118
19376
31308
11360
5928
31649
33794
18327
22720
5643
34968
2421
16706
26656
3645
29237
11913
28674
4823
35195
13206
35125
4639
29877
27001
31616
8472
32867
2961
29986
3442
12996
31923
316
29858
27630
5027
32167
29895
6801
6267
19530
3007
25925
5541
25051
5700
36818
2802
34133
6201
18227
9944
16744
10630
27317
4508
7792
32501
17937
8087
25762
32133
34701
18441
8295
2729
8622
25027
16519
23229
31625
6534
14507
9032
34254
4089
9613
36492
36208
10462
16085
21055
20623
2840
1030
13429
422
10267
30875
33141
36245
10320
6788
16073
30074
2986
6041
8086
11078
20068
29647
33546
1110
35517
21149
2927
12182
33396
2633
14503
34223
8595
2403
34367
12750
33288
14163
30128
7111
34954
33679
12903
18894
16833
6216
25889
5882
11981
14818
1854
36229
36088
887
15416
9846
25449
5750
21524
12621
4348
29044
23547
8610
27080
25695
20834
11869
29979
4788
7485
1496
18396
4638
24002
3762
3708
14223
36396
7501
14197
30806
20399
7869
5520
25647
16727
18365
23320
2758
26246
34054
19609
26000
4802
16652
19718
22585
19866
15871
15820
20028
24454
8455
35503
27599
27981
16884
21263
4804
4298
36152
34913
19701
19967
22458
14199
32006
6898
9951
26630
8923
18765
32878
16165
19127
30173
33087
4103
7888
35034
29291
32041
2645
7188
8940
18042
26753
32128
916
31406
34746
29708
5339
7518
28044
2741
15121
19144
29499
14921
31416
17338
31038
20744
10958
3966
5499
35017
2473
32205
12585
12430
23041
30724
15783
27255
35154
6763
35169
13778
36137
28873
5191
26571
1209
22792
20310
16338
30021
13892
17011
16141
18136
20375
29654
931
31255
141
8693
27361
18444
56
19621
10793
1744
7179
8919
9001
9314
35350
15291
4359
28384
8718
13447
36370
35478
14757
2687
31909
5625
816
14912
25351
8673
19798
13410
16060
6692
8495
33047
17825
14460
17394
36813
36210
7495
23239
22651
20929
18618
9286
6783
31186
11006
34997
7359
7057
18378
4884
21867
32969
33695
8501
25734
15729
13654
18388
4675
4971
22866
5254
25049
10148
6262
27735
15166
32880
7435
17231
19850
4601
144
7794
6383
4335
8065
18037
4493
22527
1549
11446
22417
8178
4916
29465
17671
11130
33623
9152
16631
18532
27291
1529
1243
10703
9255
34067
6376
7714
9303
10810
35999
9826
6700
30773
17057
28682
35051
36220
34117
16013
24364
30405
8083
9631
2892
11808
25013
26600
31300
13496
11371
25257
16846
10249
8805
6297
22151
34123
3259
16724
3615
31733
19409
28410
29736
35591
26485
192
22540
20777
4604
33188
16849
14863
29042
14402
25890
15499
20871
22780
35510
18247
8735
26779
34542
32218
14026
31146
27069
1336
21153
22391
16696
21439
33078
16943
14
25034
16669
7594
1452
5896
8508
13669
12592
32178
33067
4993
30481
22133
12276
6496
31890
14802
13235
9661
29598
10229
7372
3096
5089
19179
30111
20353
32556
20286
17301
24124
14534
4726
11696
24772
14862
7745
25473
27689
29684
13358
5551
12763
2618
708
6309
8445
25161
27206
36428
30375
940
11199
22614
22470
2780
13637
7578
33341
31414
17820
7347
32951
1229
35919
9805
4050
22367
28624
3849
20134
10994
27112
28025
23977
12704
18259
16707
26613
6256
216
31636
4092
2213
12815
17934
31673
27617
35612
18853
28176
24792
6554
2108
28529
30007
5730
34550
5836
15028
18959
29554
20417
11443
19836
10146
10618
21844
7643
3881
34774
14737
22266
29494
28541
3352
34821
33097
24108
20719
11032
20419
9556
16637
20976
25239
16244
23797
35540
1847
20550
31351
3138
12616
8467
5993
32317
3374
28221
9845
33162
2786
33561
3931
21220
30919
33089
5230
372
16878
6265
18721
13266
6510
15762
32651
33559
19578
995
21875
16966
13357
35109
237
20080
9740
25998
13318
11249
23912
27918
22034
4036
28099
24824
6223
35771
34497
11819
9284
20833
30606
19719
7084
21839
32770
20927
22907
9199
25142
31219
8605
36760
17086
22681
11661
703
13827
29270
26203
28843
9633
31794
35753
24799
35485
15819
28335
30145
136
16925
14349
10151
2349
1159
17124
35741
1681
7780
30849
17628
7247
25495
8055
19571
20932
7628
34584
25588
9756
4592
19042
29508
21069
5855
16317
2648
33035
34860
32212
18699
12732
7333
9668
24042
36170
12233
23049
4291
702
173
24117
4799
23681
32894
34682
26521
26637
24571
3800
6603
29017
6051
16216
34460
22436
11061
542
28990
20778
12971
34320
14924
28649
26879
2427
35080
36085
6392
21612
33261
30767
33418
34886
13283
16038
23996
3488
30446
13424
31618
4201
5166
1393
818
5207
34051
6830
3014
27544
15063
16043
30823
12368
31445
31378
35212
8874
36274
3015
31695
14622
2500
24012
25853
5017
17200
373
18334
33543
29557
28984
31010
7244
6133
18485
12698
11573
19456
22121
2805
3498
28122
16731
5592
1335
23674
10768
11344
31623
23272
28332
17997
35554
3797
26893
24760
16014
3250
21303
17513
23663
4962
16712
15964
2795
4867
22323
4371
31828
23255
19120
18630
2588
9567
30937
5106
36795
17246
26559
3594
31032
31397
22389
20338
12188
1378
1424
36215
15887
24633
10504
2699
1417
15093
8710
23104
20638
19670
36398
32349
25412
26712
7298
26173
28533
12829
36843
9686
26900
36808
18059
17267
32396
3378
35054
17275
7525
24994
31936
3538
7896
13806
7008
33113
21513
21628
7630
19008
6283
29014
22746
24679
1599
14936
12753
7061
10566
5868
21790
3971
29447
24632
28265
6453
21391
14773
5560
7094
20011
32051
11369
32289
9311
16826
10131
26507
27340
8328
4934
30911
30335
1458
4023
29698
11330
27260
25009
18679
28046
28964
11323
2402
16276
36279
25899
26392
31728
28555
6454
5111
3544
21916
25398
21006
32032
18995
12816
11070
21243
14683
25607
16510
20832
9025
16646
828
10690
31935
25270
10372
12158
27678
9326
22425
2820
596
6523
21271
31288
9101
32762
19595
15038
4393
4006
25455
17452
27632
26261
24851
17360
16906
29968
10774
18544
18180
26118
20837
4307
35891
25932
31908
17984
13838
36412
34441
17659
22522
2130
8425
8252
28909
30030
13744
24643
15330
23573
14376
33817
17030
9050
29996
30517
13759
30113
24087
14656
28023
13422
9125
8140
28934
8261
20886
23208
14002
9782
3630
25232
25710
9343
34945
7913
8767
32309
5212
3183
21779
14685
13099
22662
35064
30536
17294
7733
32534
23946
8431
32155
18822
25006
7431
29353
25503
25284
13253
32200
13163
20208
967
30632
32274
4922
14465
13551
27254
30723
4964
2592
18260
28183
12595
1564
25082
12907
27772
26225
19032
19585
31716
29427
32119
36272
19635
28940
29380
5439
26154
31171
4082
11179
3817
26975
22758
1970
19692
33279
7609
35518
16337
28497
12569
6778
17532
11193
8589
24098
7821
10956
30564
18616
32142
32279
31777
29352
7742
12630
17726
3583
29985
31808
2659
22387
36724
17049
3274
35732
2219
27470
35575
23695
31566
20169
31729
35769
28702
16058
12779
20418
25536
27653
22139
34159
16272
3978
36759
34909
14436
29700
1135
30663
25898
7614
24463
20632
27532
5372
30570
29488
34711
30676
16694
12087
28616
23626
26309
479
28460
18624
5031
18038
30215
9381
20281
11286
16575
12534
36680
32356
328
23839
19320
19933
16927
23537
9387
7470
24493
13558
30269
25382
5366
26040
4237
35102
8838
23403
5255
33459
31939
23780
6827
17593
20900
1642
12908
1876
4614
15882
18684
7383
12375
2685
29423
19015
4235
35521
21434
24564
30428
27681
1365
25032
11391
1251
22991
1635
36786
4544
21171
35872
22925
26422
17085
21611
18044
89
18760
36742
3985
5970
28834
35597
5638
12611
28841
23714
2705
6467
3988
32071
31425
25089
1189
6087
1590
3852
26759
33140
2296
19341
36415
14164
34691
4200
1094
1069
33801
10728
9814
32314
34192
8492
18025
25113
8132
32140
9833
8412
7389
5460
2533
17186
6171
26408
17402
25561
2621
13184
18888
8583
17698
31505
27209
32875
7031
31216
20830
19134
23968
14554
21150
14393
13407
22059
12480
27123
731
6148
26998
7030
9551
16542
14329
19270
14896
4125
34582
17094
26585
29667
35263
23655
36282
26819
6527
17349
31479
27807
1346
34573
14781
31356
19181
34087
