629
59
98
5
46
210
91
92
154
37
62
345
304
235
88
292
83
238
363
562
604
212
237
626
362
214
211
482
565
546
540
258
325
72
125
230
600
486
84
307
535
90
612
356
530
542
296
86
8
245
503
577
158
89
177
148
525
51
341
607
589
68
26
53
96
166
40
474
507
547
492
533
135
395
400
639
82
623
162
12
113
581
422
74
480
638
303
197
485
168
366
234
401
75
527
379
428
318
423
469
403
337
45
43
496
636
340
170
204
19
365
621
529
208
493
463
339
628
424
522
105
630
217
505
104
87
23
159
335
615
610
475
462
512
449
436
264
358
242
360
407
120
332
1
155
190
572
541
487
147
164
293
635
285
129
56
510
514
394
426
257
378
267
322
544
32
359
620
445
563
0
470
223
289
281
61
85
560
6
574
139
582
179
311
632
100
22
244
352
521
509
569
269
77
601
156
121
344
213
52
50
314
594
397
555
545
302
253
58
144
433
637
613
409
515
273
112
218
416
375
224
117
165
132
79
286
173
195
520
526
461
57
557
506
180
573
399
280
420
508
243
133
483
111
287
107
306
191
108
634
24
201
504
457
21
412
580
320
523
141
248
471
123
143
127
579
49
534
351
602
561
268
301
202
472
95
259
284
163
511
393
122
78
33
9
134
80
160
390
605
265
421
528
194
18
275
66
14
614
383
215
196
183
219
494
189
354
347
30
17
346
586
548
539
550
239
444
350
247
65
313
465
279
186
309
288
625
575
411
38
294
81
146
459
116
576
283
290
440
578
498
185
175
15
229
408
455
466
236
44
305
216
199
300
456
609
387
425
205
584
490
221
103
624
10
349
536
316
537
76
543
372
48
531
323
266
187
446
431
71
495
272
178
631
342
616
500
54
369
142
608
386
203
184
398
226
263
617
448
597
556
130
28
232
101
282
477
297
453
118
39
169
552
329
364
206
327
276
473
326
376
16
70
559
3
246
479
554
328
99
193
260
152
250
36
25
402
176
519
419
114
291
595
348
254
192
222
611
566
585
334
295
149
227
414
128
558
220
20
518
373
524
592
588
97
110
590
410
324
593
368
137
454
27
252
299
31
622
377
489
501
553
434
11
430
460
131
63
261
47
633
41
568
389
343
4
55
404
270
502
497
447
432
371
119
551
468
415
317
353
310
583
200
627
167
182
157
443
598
153
251
255
115
458
298
370
209
429
2
319
231
538
233
241
94
277
571
467
517
35
427
488
171
596
262
437
64
380
13
396
256
109
384
315
174
42
102
516
361
599
188
442
278
331
619
564
124
441
374
73
140
606
406
382
418
29
391
405
336
312
249
60
333
172
355
138
321
591
476
274
150
618
438
207
491
225
381
240
567
388
478
413
603
338
417
513
367
587
93
499
549
385
145
136
228
464
181
435
7
67
271
69
198
439
161
450
481
570
452
330
106
34
308
357
451
484
392
126
532
151
