639
2535
2175
1732
2099
4077
2442
4067
714
2147
3635
20
2954
999
611
1634
1737
4136
99
2748
1151
80
4590
2823
202
2431
1731
3071
270
188
1655
2424
3896
1421
2219
635
3938
1984
2127
786
4359
34
1636
2541
2945
2112
4408
2250
1890
955
2677
2243
3624
2858
3456
2892
3721
2365
305
1673
2444
1226
4176
559
3663
800
4221
3277
1663
2512
1573
1142
2316
1407
1635
3129
700
2831
1406
1298
2433
36
2491
570
1829
1033
56
2236
1508
3063
1813
1402
3581
4296
2182
2943
3901
4
3807
3972
4481
1418
3209
2559
1646
1878
683
2403
2346
3132
340
3590
1738
4243
682
4150
1918
2687
3922
4593
3159
123
1029
4103
2658
2070
2936
3700
3565
1652
2872
2179
1632
1284
4386
2092
3868
3683
93
2920
1569
3854
362
2759
2550
3267
2975
839
2633
596
3978
2686
3273
4175
780
3109
82
2615
3479
3889
178
2184
2626
4579
2257
1618
3852
3568
3888
2262
4161
2290
3621
4451
3278
1212
3638
4162
1707
2251
1943
2875
90
3476
895
690
3463
2054
2639
2390
1082
4093
210
2531
605
46
3560
2341
443
1063
4597
2212
3319
3268
1041
2304
546
2015
894
1556
2122
3779
3062
1147
4216
1750
398
203
2826
5
1190
998
518
127
4170
534
1753
812
3926
817
2755
1541
2890
2095
3766
1078
2185
4206
3243
1568
1572
2014
185
196
1229
2855
622
898
3650
3024
290
2530
4053
1225
4289
483
1583
2156
2632
912
3332
828
2360
2865
3674
2322
4367
821
1356
2852
1705
553
717
2601
2334
2348
3168
3384
1081
1295
2834
1271
2041
396
2026
892
2938
137
3414
2685
2086
294
3426
201
1230
2668
630
1719
1065
754
1932
2019
288
2666
3980
449
961
3213
3520
39
2638
147
3387
2956
1757
2106
3711
1817
1940
2576
3862
3251
3939
1700
1592
572
3271
3750
2640
130
1079
1558
3296
2362
2174
508
2325
628
3263
1751
224
2158
380
1340
170
4366
58
3976
3112
1926
2326
3059
772
2591
2567
1836
647
1727
22
4195
1814
1386
452
1204
3245
604
814
2246
466
874
547
1128
1333
67
1049
4426
1059
3052
3969
1985
2154
969
117
2990
2145
3341
1913
2600
3865
2208
2347
913
4075
3562
602
1299
852
562
1760
616
1116
3053
4081
3545
1425
2067
1640
1394
2440
3241
500
4084
98
1818
79
3191
3782
1792
383
2317
1987
3793
3275
2400
3390
2398
3295
2165
2946
584
1310
2324
2766
548
1623
897
2256
866
3551
390
1219
505
909
1511
3345
1114
991
4594
1964
2676
2177
1061
4422
2624
4035
2121
2634
529
1017
1742
3438
3437
2183
2835
16
3826
3658
3961
1439
4380
1927
116
478
1629
2625
2937
2005
3887
96
3340
300
1378
1290
2022
4405
782
563
1244
2726
676
4307
3847
2276
3786
2508
2496
4222
3755
3563
2565
4587
556
1195
1746
624
1093
1909
2003
2874
2543
1683
560
4194
1008
697
1828
2966
2986
1995
3725
2499
4022
2114
972
1883
2850
2363
32
2474
4492
4588
1326
2152
2610
595
1961
4147
346
2886
2688
4384
2821
3454
3546
83
302
1002
3105
3044
3692
1735
2594
1667
3604
1285
2618
1328
3831
479
712
2230
3164
3057
4406
3760
3848
4362
2373
3128
3699
2081
2357
2460
3292
2995
47
2163
768
3521
1807
1554
2967
536
1793
804
608
519
1820
612
3550
271
971
3176
3203
566
3718
3769
2958
801
995
3879
550
189
3464
1853
4393
3196
2714
3356
233
908
2352
3003
2915
2582
3664
610
2202
1050
2367
3020
4145
2736
2167
2395
2534
3199
3777
409
213
1087
3412
1437
3255
3403
1919
2293
2404
864
1605
2694
2707
407
1724
3628
3474
1341
425
2925
3789
1000
2822
2623
538
484
4319
1903
136
1747
2538
3709
1898
3878
3924
1616
1028
2579
3715
4401
2746
2740
1739
2506
858
3510
3991
85
2148
1179
978
4151
112
4261
4576
2721
2696
298
3462
3915
1533
579
3704
2629
569
4371
1377
2682
715
3388
4526
122
4297
891
527
787
735
708
1734
1359
3169
4533
1176
3979
459
1430
4496
448
686
2644
3710
1794
2063
110
1744
2009
2942
4117
4314
1612
678
3236
4191
1873
2447
906
2438
1804
2620
1489
1540
537
4308
984
1598
1308
3730
2876
521
3625
4158
1332
3720
2116
3343
2507
1677
2904
4186
1555
877
4494
3713
3784
1445
3940
753
3787
126
2782
1496
3811
820
4262
4225
4030
1962
2527
1193
1979
3500
2657
3931
2451
1858
3163
3058
3897
2828
1672
2664
1127
2961
2896
2075
1186
2310
3270
2201
2198
1690
3882
1292
472
2587
2406
1594
1798
2131
4544
1014
3605
236
245
1741
746
469
3466
2628
1043
766
990
1928
2169
84
3675
1210
1527
1736
3812
2010
1538
4048
3073
975
3890
2695
4066
3033
3028
649
4447
1585
73
119
2211
3606
2123
4180
3630
1783
4599
4005
1342
674
2539
1846
3473
731
4323
3800
4531
2244
4534
3804
2542
316
745
304
4142
1895
2691
698
2064
4547
4491
1350
2659
818
1125
4404
4312
705
4259
3985
4317
1930
1986
430
4148
3586
1351
4318
1384
3043
4174
501
3078
207
565
2380
4078
1434
936
342
1312
1202
1222
3591
3894
1143
2130
3967
1784
637
4074
2908
3992
4072
3054
1009
1549
15
2545
4058
2487
1580
3336
2473
1152
1232
1920
2997
1842
1467
2374
3933
2735
1669
568
175
1481
720
108
1644
3153
2088
3034
2272
4389
551
200
3211
2031
2853
3518
344
2532
2569
2231
1756
1908
2387
1841
4488
3558
3329
3484
3171
609
2980
2524
1243
24
2303
2642
4177
372
502
405
1535
3904
386
4112
2866
4009
404
1109
327
3982
4189
4324
2296
3070
2808
2124
573
2020
4223
4127
3775
3877
2749
1590
4591
3328
1305
2259
255
4498
2027
2093
1709
646
3757
1516
4269
1591
3409
3175
1514
3974
4212
2314
1431
2968
2097
759
2465
2564
843
4025
1586
3914
2228
721
3174
2102
1074
707
779
3182
2760
642
3221
2635
4130
3122
3365
1966
4284
3320
1315
1785
3069
3065
3230
176
4070
3482
2217
2636
2241
3587
1339
2720
4001
3963
4102
3144
3600
4416
3495
2214
1825
4096
2065
2382
240
915
4495
345
3335
2846
2239
1022
4352
3808
1805
1304
3061
219
2151
807
1791
3874
3936
264
211
2692
2392
4355
2263
4239
4418
655
2830
3431
428
1020
1075
1206
4316
1044
2926
3975
2731
492
2258
2497
2609
2332
4213
4228
1077
3570
1917
1615
2557
1714
2725
2338
3870
937
2516
954
4164
4368
3158
4356
2000
2921
835
792
2643
2477
833
76
3869
4064
3302
1306
4563
1891
1068
65
3617
4607
2436
133
3953
1099
3219
2818
3599
3317
3274
2729
2269
4474
1483
2878
4172
1013
3998
4292
2522
3688
2160
1856
324
491
1622
2464
2713
4480
4257
4370
4443
169
1965
2271
208
2554
4374
4320
27
2580
2952
4450
3835
412
268
767
1674
335
576
3137
1348
308
3064
2916
2911
3009
1809
885
4250
1911
3622
3455
3075
2275
4076
876
2339
103
4429
1409
234
4394
4218
1946
4347
2604
1477
1208
4168
1611
3513
2727
50
2552
3954
2378
356
3491
2105
662
3828
2869
1188
796
3046
1563
250
2761
1429
1334
3207
2342
3487
1517
391
1982
3593
532
4260
3468
2680
2592
3442
2489
1548
831
2665
2606
2913
3218
809
3702
3747
1046
3900
1868
2090
1542
924
3342
1638
664
3921
204
3552
4178
3799
744
54
303
2977
1466
4566
2193
3083
4230
3354
2002
3008
2553
591
2036
296
2949
1155
3120
1122
3367
2723
1092
3370
1216
3419
3575
1851
1265
1253
860
2771
2536
1111
3394
3389
3290
2237
1764
1159
192
2816
3832
2039
539
4040
1362
2571
4128
4364
589
2584
2455
3724
3603
3771
2170
2297
4431
1880
1951
2551
424
1958
2776
3672
1696
2394
4281
1680
3948
150
2226
4063
226
3627
3661
3585
4471
4486
3884
850
1686
88
2670
4032
4305
313
3077
3249
4271
3141
2379
3184
3311
1376
2877
4272
3631
4428
599
615
3785
1400
1167
1051
2653
921
3188
70
3640
2397
973
1247
277
4295
60
4283
1337
2976
2622
2319
3423
1280
2762
2234
59
4358
2138
2617
526
3739
673
4046
4556
2919
465
4220
558
42
2788
2931
336
414
3934
3192
2883
3138
4349
3648
3987
3126
3154
4414
2120
260
4330
3450
4099
1762
2016
853
1521
1725
4233
1717
4411
71
3350
2515
4065
1234
1565
965
2108
736
2389
4438
454
297
4169
2188
253
552
1934
3382
1130
1144
312
3703
307
3280
4511
528
2468
1207
2142
4433
2605
1524
2051
3673
215
3019
132
4298
1718
794
3795
3208
2773
3383
1042
52
3014
229
1241
4291
2783
1974
531
765
3030
38
2511
3676
793
17
594
1347
397
4432
4210
4014
2323
3197
2045
48
1942
3662
629
1772
4159
2425
1963
1743
320
401
577
669
3074
1288
216
665
4207
3781
4464
3481
4521
2035
4224
618
3025
4044
2331
3960
515
1907
121
1091
1039
3892
3751
2353
3517
1525
51
1582
1619
887
1765
2558
2599
1831
1824
3968
4475
3526
6
1956
3123
4126
193
3417
1625
1906
1024
575
1015
2164
4344
481
3090
2940
1169
1433
3535
4051
2932
4236
1534
1749
322
33
2894
645
688
3682
1227
1370
1733
883
3665
2540
4500
1936
863
2660
789
2577
2857
439
77
2560
2501
2613
741
1770
1862
3091
2528
1103
4462
1107
3179
718
3756
2992
1442
3883
2844
2080
2420
3428
3287
1871
3959
3101
890
3555
3866
2401
2050
2678
4434
757
1923
777
4425
1383
889
4504
3363
798
3376
2960
3344
3294
2470
4484
3776
3147
9
1999
4285
709
43
4603
3300
498
1593
2299
3701
3084
1302
1106
306
3460
1506
1847
2906
476
4204
248
3172
361
930
1199
3930
3146
2414
2717
2674
710
4021
1345
1610
1994
1551
2388
3741
2018
2408
3753
2048
222
1578
3634
364
2611
727
3956
3284
4280
2608
3829
4193
1427
1223
667
1084
2753
3594
1121
1566
926
2573
468
1493
40
3846
3
758
1812
2754
4442
919
4595
4452
3497
2200
191
3644
1117
865
3493
1319
3385
4190
291
2333
400
2150
699
4506
4427
155
848
3544
3614
2718
95
3579
37
4578
269
4570
138
1835
3281
232
1574
1102
3286
2656
4456
3549
811
3116
365
3366
549
2399
181
30
3821
2848
1799
507
911
4214
2767
3837
26
2098
3026
3443
888
3823
2902
2970
3347
31
1346
1806
3511
2948
4412
659
4476
1070
2957
2309
1766
153
2235
4082
2109
3801
2546
3791
2602
3773
2443
2375
3632
2744
3541
775
2355
351
205
2061
3212
3324
1177
403
970
3794
2377
3522
1763
422
2100
588
3656
2448
1448
3588
2861
2586
713
3744
2287
19
3523
3929
1438
3913
1180
3225
1025
3289
442
3087
4202
4517
3684
3849
4232
2141
3441
3916
1758
603
1752
1959
3995
4468
2486
1320
1233
241
1827
2396
810
1803
3299
3962
3806
2895
258
55
3088
2485
183
1787
4424
2233
844
92
2434
2709
4071
1957
2856
4105
2295
4402
2456
1775
2862
2854
2209
3489
1160
3220
154
1867
2781
675
1654
2999
3860
4537
3308
1888
225
11
2017
3668
830
1311
3876
3536
4154
869
2825
1110
1248
2255
3556
1375
3378
1238
4133
2264
585
2769
2641
458
654
349
381
517
164
4413
3127
102
1367
3733
4181
791
1661
2784
1005
2405
880
1395
1454
1120
977
406
3855
2371
2344
2047
2860
1097
1666
4199
4252
3449
696
2410
3857
485
1145
4379
2478
2905
2838
2885
1379
311
91
369
929
2426
1480
571
4564
2705
3867
4249
3494
1198
3796
592
1355
1003
4592
4346
10
3706
411
4033
2461
3660
3652
641
2899
1711
778
3525
1789
4527
276
522
952
2475
1761
730
2775
4440
902
3434
4182
3666
1523
2614
737
280
3742
4097
1019
3018
455
4395
3580
826
2429
2134
2074
4558
506
3224
4104
197
4061
2087
2574
1168
648
2358
1278
1877
587
4469
1275
512
2302
862
996
3942
162
3679
4300
3475
3467
2435
1953
355
4354
3689
2494
2189
2094
41
2159
2330
643
4472
78
1030
4138
781
4107
3012
1474
3685
3670
1713
593
1137
2483
1657
3893
2077
3022
334
1916
3156
4011
2953
2763
3161
1163
3616
3970
882
199
1885
2221
368
1004
4557
4397
3981
1056
3764
3677
1380
4106
4245
3099
2463
3651
267
1089
3393
332
4490
4419
4111
2756
2802
3503
2893
3958
1774
4489
2028
101
4263
125
922
3086
4503
3618
2548
3629
2803
2809
2427
1894
286
2038
3170
1150
4329
555
284
4118
1100
1621
2777
4430
3331
723
4125
1855
1570
3151
2190
1435
1424
1291
2891
1048
3723
337
2851
3966
3276
923
3761
2349
2191
1335
1277
1412
1086
2914
992
4163
289
2708
243
976
375
2706
4256
2268
2703
620
3327
1057
4457
582
3610
1564
4301
4573
1258
3096
2172
2249
2446
1115
2985
4160
165
3016
3258
1892
3707
49
1830
2779
1478
1112
457
1417
2684
3189
53
1790
993
1504
1266
3339
149
738
2042
109
580
321
1372
194
2393
2829
3041
1595
2751
4497
3740
3237
2498
1023
2187
2944
3453
842
292
732
2521
2196
1728
3990
2596
2517
4601
3681
3582
1854
1645
3886
3477
3214
1139
4007
274
4010
3492
1977
988
3814
3858
1701
1309
2982
2724
2887
4311
2421
3952
23
3037
3377
3620
1200
144
1255
3798
1924
2176
1444
1970
1181
3321
4360
100
2570
1501
395
633
819
1209
598
3031
1486
947
3770
1287
2423
3731
1343
1242
2117
3559
3928
1257
3416
2225
3386
2104
4187
1220
1490
1559
2655
1369
4016
4545
3965
1544
1740
2764
4277
4095
3056
2955
2361
4045
2284
2213
2814
2480
1472
1361
1755
1748
1668
230
3885
235
251
3283
581
4278
681
195
3133
3435
2419
752
3871
2747
4198
3918
1608
1398
3085
2437
4513
4019
4294
2998
3917
2815
57
1261
1950
1838
1331
1993
4550
1531
1133
3557
4387
3048
1485
3746
3210
3239
385
4343
1992
3488
1843
1575
1267
748
2312
4421
1870
247
2076
4340
4539
173
561
1246
1325
689
2033
4255
2057
1183
1268
636
825
1452
1902
797
1972
644
1639
107
272
511
13
3567
1161
3669
2598
2337
3840
3712
129
4267
388
3906
2311
749
1269
3357
3011
379
3013
2867
177
184
2073
2354
427
4091
2650
1221
4276
4275
4483
1270
2562
2778
2281
1939
3180
1502
3143
1389
4155
2484
426
3499
762
2669
3944
703
3135
3430
3439
1215
3691
281
1113
3198
1850
4290
834
3881
1473
2205
1720
1214
2270
4581
4560
2203
1158
3589
1393
1754
3613
1491
2356
3323
408
446
1889
228
331
3072
358
1228
916
1323
1955
2969
1628
2879
1808
4460
1062
3160
2817
2820
3763
2488
371
2021
3227
1952
3408
3415
3349
900
2282
2439
2218
668
989
2900
2722
2918
1500
2493
773
2712
1702
4069
3420
3566
4024
2229
1653
3081
1297
2265
1408
2224
3758
1730
2417
2964
1601
3690
658
4542
3445
1938
3231
3592
186
1189
3935
3001
3121
2739
1387
2812
4536
2561
239
4115
12
480
2481
670
4376
945
3247
1055
2544
2518
223
2206
1759
4121
4577
461
1224
3999
783
846
4110
2402
2238
2146
450
4146
1708
2772
2495
4253
142
2889
3601
3093
1507
3097
3825
583
1704
4120
2240
4196
1897
2903
2950
3448
2837
2607
3498
1949
706
1235
513
4003
2758
72
1108
3820
2242
933
4086
3506
617
857
4183
2336
879
1896
1211
3102
314
128
3772
4165
1175
317
805
567
1264
2840
896
1443
3027
3152
4008
3836
1990
4248
3815
938
756
4184
2126
3185
1001
4461
4554
1948
3653
3080
4606
2060
3338
3875
3943
4056
3285
2774
726
3150
3767
2084
3542
2085
4028
3114
120
2989
523
4441
4237
1450
4337
2046
4499
3353
4518
1318
2884
1123
4027
660
3973
3502
2412
3626
7
2089
325
246
934
2049
4013
2210
1627
4047
4572
2719
1860
1722
3261
2589
3957
1845
1153
1154
3226
4085
1034
4286
4580
1884
1336
1660
3752
3222
4094
3504
2430
946
3708
152
3215
2873
2129
1706
3827
4602
3802
755
3909
74
3899
4420
3103
2704
1157
2588
650
2568
3809
626
339
851
1096
171
104
564
4449
2157
1796
1971
114
4398
3842
254
279
3005
227
3986
1826
2651
4559
3094
3177
1587
666
925
2294
4288
3262
3646
4227
1166
263
1237
1399
2128
3880
3774
2745
1018
530
4390
118
1456
687
2329
174
4567
4552
3850
3548
4004
2646
1484
2847
348
3512
2947
875
1665
3355
1576
652
3678
2819
3047
464
4050
4087
3554
868
903
1032
3573
1251
2044
4092
2143
2799
2008
1124
987
1317
1073
3698
1997
4321
3117
2689
81
2901
3657
1090
1272
1887
3364
4012
2469
105
2227
638
1083
3310
2996
836
964
3949
3402
4166
3805
1105
3259
3244
2261
2743
124
2563
433
3452
3115
3637
262
1036
287
4037
2013
3695
4568
514
4139
2738
1935
2619
1954
475
3149
2811
4463
3623
4144
257
2345
3863
2533
1658
3533
2741
2071
2052
1185
3446
2153
4598
1282
87
640
1536
1532
918
815
1969
776
3325
4458
3015
278
399
958
4524
3131
2055
2273
1581
4478
3803
3643
1462
3989
3833
959
764
1726
944
960
2180
1815
1767
