30437
32763
21493
24913
1756
11773
22588
18520
16075
27233
19134
35565
12920
2654
25790
11449
36187
2773
15472
18044
2911
978
17944
13858
5811
3801
234
3184
26335
13976
24957
3544
35223
18577
33031
691
35568
20622
7315
11452
7036
35025
17749
22741
14917
13948
33816
31343
29502
28572
29903
13203
17214
18345
4502
22739
27868
19444
27513
10477
29154
26663
36595
35569
19430
34675
33781
10632
8601
34163
7158
36095
35571
15332
30428
26418
6401
7203
14723
36551
13702
357
25001
30193
7164
29904
22683
24131
22776
419
2805
3255
25016
32379
31091
30384
25406
35696
9896
28177
32910
195
11184
31957
19419
5458
3096
25801
34863
22935
34195
28018
33968
11259
33148
11631
27760
14043
1867
6806
2657
23171
34546
31217
31605
19455
10035
7162
23841
14424
10669
35154
35452
15057
3263
31165
26636
23728
22729
34009
19428
18822
29569
4246
29105
6460
34504
3529
30830
18517
10282
28411
13374
34686
3217
22212
30035
23613
13958
28667
35724
19231
16381
7341
23129
34679
15225
33201
13787
5787
7002
27379
19098
35701
5295
10999
22878
17737
14062
32039
1495
5919
2463
23474
9948
18635
23787
23014
18901
30541
27261
35659
3790
22345
35313
27998
14122
34000
18082
13847
26790
1873
34848
8428
3675
14545
5823
18306
1241
22366
34019
19068
26207
512
11017
19145
11416
5306
4418
12775
26146
3229
4481
5183
35346
30727
8426
24774
7625
22368
21025
14753
10767
6554
35459
18946
4325
30974
5689
1732
32396
28260
3452
13939
29952
34681
8190
19067
11309
2464
13922
13856
36205
29758
18965
35451
31356
27395
31771
9407
15517
31791
34497
29937
19018
24386
2775
27081
13473
10825
6576
17983
23405
23248
6769
26735
30346
23917
26097
24937
9287
18249
27987
17674
27095
36135
32863
3392
17291
35298
33631
34656
15869
21323
26505
10919
18072
30601
266
22743
18143
3059
3789
30415
32239
33598
7551
35901
22033
32668
18862
35374
34327
34499
29290
23723
5800
36714
11393
3248
33222
33019
4584
35220
6230
14720
6204
22619
17233
27008
28643
5909
9766
13290
24430
11404
30860
3276
23573
25976
26400
16094
23280
6707
15729
825
27409
15230
17597
7658
1080
14177
6651
10128
9439
33692
30783
5939
28071
4330
17016
30144
10874
10844
6002
30432
33016
28766
11181
4464
14111
32921
9842
34460
322
1858
9572
8680
28206
3389
20035
8757
9354
28479
86
26019
215
8099
816
3627
19
6991
2758
1978
10486
26865
9215
2116
14737
21350
30248
10704
35509
7313
19192
19418
14772
1107
10271
5419
1819
18454
12142
22996
7870
3062
34120
21686
28300
29819
10039
1413
29297
25211
27255
36077
6803
102
35768
19292
33979
11018
33261
2744
23597
6738
23386
25648
6549
8653
23878
12390
5388
28760
7535
28650
35641
33014
34697
2626
5168
35467
27220
19821
23393
25201
16858
14938
25773
2962
12216
27091
6832
12066
17595
4093
34793
18558
12712
31436
1941
1002
32091
26539
6347
27496
10801
30759
23042
34648
1602
16895
7128
1235
2528
11132
2325
3260
30590
2627
24806
6032
27537
6372
1543
9894
9883
3275
14776
35279
2916
27127
26422
17854
9332
6785
545
25288
6729
31187
19142
16917
221
13846
10960
7564
31288
22962
35070
26162
626
30821
3455
11645
23282
7039
34817
35334
9247
13388
11455
4211
7319
19607
18642
10799
5959
11619
10285
3823
19609
34483
25519
10487
2354
2574
15091
27657
5963
2457
25058
24707
30446
27726
10040
32106
33657
26224
14076
18819
7492
2449
22342
3890
1183
18943
30634
19054
3016
20158
1860
20475
26880
9857
26305
32731
2762
25377
1536
13801
32252
15056
26227
7806
10368
23435
34726
25027
13195
11778
11966
2466
14976
1688
1861
10525
30744
6151
35576
12789
30323
27646
6540
457
17224
27692
22931
10937
26498
28773
26378
26868
34253
36455
36011
13309
15504
16859
35661
1189
36419
12337
10727
35500
22774
2638
8598
11728
4907
23258
15477
35263
6362
22153
5756
2632
7337
1585
10537
6227
33018
23807
14589
29233
15572
32570
14020
27329
13104
22723
23179
2303
34930
27416
30739
14423
5410
30865
3751
23404
1455
1815
25623
13827
31176
22963
7640
31474
25077
35963
25345
6133
18156
5944
14124
25473
34629
14622
6728
22775
5895
17563
32522
3971
4244
22039
32942
1889
25498
36583
16603
28145
18959
22105
10803
14975
17708
9371
11414
15547
13769
18495
14427
30503
2484
19706
3101
11437
35769
15323
10860
26856
5640
24795
33469
6184
28797
15747
7651
35564
11303
9486
11824
20229
31420
5188
27327
22568
6609
27559
8102
30564
28542
448
31246
31125
35326
7608
27691
15093
2259
4971
13146
23791
35711
33544
7847
13965
23743
7589
8518
28450
2174
18858
18009
9003
34342
26962
28394
1230
4967
21964
21970
21599
36348
6922
34109
28721
28104
19172
25967
10794
12629
3197
1196
8521
26779
33143
26719
30403
20575
34631
35866
2760
33990
7825
35762
31470
15918
15329
34405
34967
7167
13578
22606
28367
7293
28670
2278
14724
35527
12222
3468
33726
3107
2096
12518
5653
879
14581
1971
3439
35440
31049
14154
25131
3581
25707
16287
23582
32669
11254
12129
31788
19450
17939
7561
31694
11670
3803
10617
19371
19055
15295
30552
9645
25267
6416
22640
30892
2820
23049
8689
16752
16945
16011
21483
12819
30644
7505
14756
34558
12694
9969
15199
22538
24453
5948
17559
3440
15411
13779
2947
33456
23230
13095
19995
34477
23134
30115
11433
3800
26677
18756
21010
14251
24091
22401
648
28658
268
18525
6889
29183
34989
11154
11039
2883
1046
13455
32468
31194
6959
5354
1823
26399
33993
6440
30394
1798
14127
28355
1108
23804
30856
29662
17050
20638
34585
5591
10920
33542
26250
15368
36207
11465
30886
36623
2989
9732
18035
1826
18472
16558
2076
19282
9185
9924
18665
15254
3793
13626
33137
25878
22235
7706
9557
13394
34952
12297
32295
5717
3768
8403
36431
18801
22556
24867
30471
6390
18626
7000
12979
15024
23782
22310
5592
29935
25765
10829
14231
22925
18220
32710
31088
35256
9063
18501
28446
33807
13738
36741
25403
19385
1037
1451
15038
15397
609
26899
14613
25923
11609
26634
27835
3478
5309
23493
13334
18537
32165
36309
7831
5151
12498
17594
1542
116
27041
18362
31752
25194
27617
34980
10590
700
19637
23564
6476
24061
30975
24440
13267
150
18270
5612
7491
9245
32350
27135
3967
10467
31413
11870
19433
7708
1457
13335
6878
19653
24901
14903
13586
30272
11789
29779
36797
34985
23009
31207
25962
11357
13262
36345
24699
15677
36513
4182
10647
36728
5720
10538
9487
12968
16725
35891
15262
11509
26285
30234
22833
7318
22696
29158
2841
13615
3315
632
11140
30757
31739
12134
23251
35546
32793
32085
35542
20294
22402
9398
33467
2403
14364
18099
7919
23664
11512
26660
18940
2801
1101
9381
18532
30633
26341
1568
17930
26366
30307
23265
5999
14146
15852
14118
24332
24855
8340
18855
34447
20357
31177
6223
20973
3042
8510
35691
24697
19917
4998
31058
17467
34545
34430
19501
24788
34429
29146
18018
25566
32195
1693
25093
35870
3189
20850
15026
31457
19091
27675
11081
29140
29880
35133
17471
2440
14961
22044
29962
3302
18439
10002
9846
12625
10187
16255
6899
31486
6778
18078
18081
25980
27028
19534
36738
35573
35006
533
11464
32694
17551
28376
19438
14462
21312
15063
20520
149
12016
6091
17386
14386
34853
33329
30406
1631
18139
19005
12691
6055
36592
1158
18933
16908
7926
11915
35628
5509
31477
17590
3806
30319
2307
4364
4012
9911
35899
33392
25322
36404
28387
7897
23260
33812
21754
18954
35848
26683
18877
1634
36224
26067
7210
36492
17664
31006
783
6004
1176
18953
35311
30293
18931
34338
1827
23654
29883
33665
32947
14729
23452
16433
18367
24851
8316
34298
6734
16122
14293
13249
3038
33065
15049
2618
25904
33015
33714
35545
23371
17818
21181
22072
31925
19330
24256
5659
14941
30683
24233
11375
22131
10556
25458
32089
10743
11275
2386
23537
36288
31019
36577
17570
9402
10760
18244
10656
17584
5625
36253
26449
24982
34058
3443
11943
24390
24687
14906
20633
32472
8240
18287
1321
9853
22353
9708
21877
29009
25127
30163
26731
34962
25978
6558
7023
1520
25825
10080
11518
24307
34192
3023
19275
1572
5144
34107
1249
33522
14789
34480
13426
2602
29685
12570
1292
33061
1932
9879
24784
34739
2190
26702
3219
49
35624
19324
2522
6606
13647
12496
1660
28683
7198
7085
11526
15119
1721
24112
36581
23559
36160
32906
9403
5642
36684
17204
12936
30423
25781
1745
21909
34356
10649
26320
35203
5982
23154
22628
5566
12117
30563
22123
36859
7779
33671
34599
18266
11208
12991
28199
20732
20111
24818
10963
12335
1123
2556
34393
31469
5530
14032
16249
9251
18055
14967
15276
3241
35485
33242
1570
236
36092
32735
3752
31032
2436
16300
11499
26519
2817
11306
16062
30178
10798
11014
14857
22091
12063
16542
24265
33686
28172
28604
4438
31638
10684
36674
10834
16973
30401
14991
27468
19137
22396
34364
18531
22692
18128
31774
3950
29205
26995
23533
30369
18329
23064
20169
7511
376
34006
21333
15136
384
33395
28918
33768
36273
16215
22314
23062
34061
35303
35797
11222
28197
3340
16113
257
9870
31642
29114
17545
25183
29315
32371
22441
13418
18602
15724
12680
24610
487
23741
35141
30367
1363
7616
15438
5407
22136
25057
21724
19361
36438
1720
1939
31806
17794
27685
5696
3723
16493
10560
31821
31699
29908
35993
26310
26396
26796
20895
7422
10060
5786
3323
227
10483
14858
18481
11153
18506
16302
22289
27029
5138
4234
32946
34837
33283
6441
15710
5058
11664
14565
920
19144
22216
31023
22098
34826
1160
22575
36261
813
28094
5871
35538
6766
4661
23104
3512
12329
32060
25922
33411
14066
18682
13962
29992
28769
3923
1789
34035
11708
32645
20119
3887
26764
25538
35652
24254
29951
28522
15343
9843
5240
7488
24898
10936
2736
2838
28344
3972
8492
21874
24150
9625
10616
30547
4756
34296
33702
28770
23681
11558
7111
337
18069
25860
5425
24550
33103
24120
24717
29752
34377
21782
19122
23882
23197
26878
17961
2415
24865
25367
35027
2281
9391
17532
10259
27492
34529
27632
21677
8509
10479
10723
5761
18130
27053
7886
16698
6921
927
25662
34841
7076
4145
21882
28369
32465
35698
27242
30773
12800
36464
6923
16110
10673
8460
14459
22067
2098
23491
13831
16943
25905
35706
25042
26451
6983
31761
14814
34951
30972
29886
33393
13566
19912
2646
6048
10558
34947
14974
34713
14405
23563
24652
2443
13973
229
34354
18338
1691
5649
27701
29676
11413
4879
34520
23287
32115
14348
2615
30699
3998
26802
12091
25604
30670
12636
35034
7907
10706
9912
18548
19601
14351
8094
15143
26334
18551
1207
2154
22053
36733
3407
36311
1848
30356
12687
12347
14534
20025
413
29672
36759
26072
5112
14236
27363
11474
13970
19519
15393
20731
21978
11837
18400
27345
14522
28117
35233
14425
24310
19402
11297
6213
22007
11265
14897
6984
5951
10481
10974
15610
35360
5644
15735
13842
1674
3284
32934
15191
30947
22449
28321
2419
13793
33591
7349
1772
21788
22632
13469
25085
24678
2470
23423
16041
29820
3127
26316
4159
28242
23268
17627
24077
32268
1968
15866
18151
19550
14256
2831
23508
15668
3941
18126
25439
4001
36524
14359
23267
7079
6992
34045
9665
10047
14148
33247
2933
11754
26354
17788
25573
14924
26271
10915
34103
4271
26931
11590
34295
23344
7291
13461
11802
22923
23382
7510
4549
13758
23545
14645
24309
13808
24938
5673
16776
10083
12028
18547
18262
10641
13400
9910
27351
4627
35633
28403
26003
9374
14600
13181
33382
13759
12275
399
35273
23510
10650
240
10645
25000
19824
3507
35294
8217
29794
2005
22237
29542
30226
7786
19948
20185
8591
13790
1771
16790
11248
2942
1969
2940
28509
6343
20570
14516
20777
30011
11175
10155
19478
24690
19070
33740
11982
1822
34167
7771
34620
31270
21569
10830
286
17417
32706
23225
7536
31251
8792
12915
20860
31461
4094
30910
787
27752
7881
35417
6987
5547
14049
5978
26345
17781
7
34802
14054
6711
5239
26721
18601
22574
23138
14106
17325
8876
21688
5003
16202
26874
36287
3361
25324
34336
26864
36297
6101
2937
31026
4478
30657
25375
3779
6866
21659
30791
12307
22017
12843
9606
18161
9628
11249
34511
26471
13980
23011
6023
32504
29065
15073
17063
28363
19308
22801
25974
2460
21356
13598
32496
1351
13478
31897
29905
1743
4382
30303
28696
4288
424
18500
35271
29622
5842
11002
7262
25527
22151
30462
6860
29516
30533
25669
13824
36403
8703
9089
17502
30444
30076
31167
2967
6447
23262
5181
28855
23263
14333
13996
2734
6181
2078
1290
18900
12481
14770
32647
36025
5703
17803
19265
36447
29851
23473
10848
14378
1704
31035
6047
15218
34315
13689
30583
9682
26626
8003
31394
25172
14403
21499
20977
7709
29187
7268
12005
33915
19401
13667
29475
29227
20195
24076
10313
26210
6328
25866
3353
36291
23989
27182
29329
19358
13580
25651
21250
14979
10454
25542
11246
11395
27644
10493
5964
14117
28081
4034
18582
17953
27343
22384
30763
18895
968
31266
12583
26257
17798
17450
10953
2171
27639
8302
18389
723
32856
2833
29123
27340
32136
10705
9992
29222
27991
9399
8130
2371
17534
7139
25808
25031
35697
12863
34822
9141
23560
34289
1055
34736
36156
32123
22712
3410
33165
20700
30123
29553
29517
35300
27256
10142
28646
23718
17969
28041
10119
22829
15953
7970
2687
10925
29818
32982
15175
27824
36319
9913
9303
7679
27268
25256
14319
12404
3015
33255
3195
3774
36725
3843
21107
29178
10708
4323
14376
36202
3780
18492
31787
6042
25064
17226
28385
32354
33228
9817
19533
2381
29966
20604
1616
24975
24903
27272
20064
18838
18241
3917
21159
14413
36364
33786
36722
23092
5262
4019
30897
5390
9915
31382
1830
11995
1525
7312
27776
30512
18371
6756
18167
3745
18741
26057
749
10333
29811
16131
25018
17493
7975
26607
24670
21112
3370
13188
28326
34048
24677
33967
28920
2364
21743
25182
15890
22233
8717
10227
34226
17112
10668
4666
12423
16038
26116
34654
20523
26197
28426
33285
2330
32277
32109
24509
2583
35952
17682
10103
18228
30688
14242
35164
16522
31711
26664
17773
1582
26423
25840
20704
20691
12895
5426
25013
36195
19384
33982
6730
3834
34691
23131
32079
10116
11142
2623
26651
22202
29459
27231
30576
27906
24620
13930
2417
4536
22720
33342
2493
13153
31635
15102
28685
5148
21666
12326
19427
2444
19734
14112
14658
27578
34523
34401
5780
10300
19825
3014
11763
23327
18591
31328
35347
24398
32929
30876
29720
32721
24918
18545
8683
12821
24337
24368
27292
11115
33200
35695
33944
13397
18042
33920
29808
5955
14848
7197
6075
10093
35873
5849
36706
28706
20054
19922
28561
18214
10045
25889
27137
22583
29514
26343
30936
10078
2334
18033
4422
9749
28625
32954
29499
4353
30297
2779
5595
26047
1109
1967
12126
1129
16027
19693
30418
5523
12069
18116
33621
22677
14310
14005
14283
5773
7995
21338
35383
8977
23903
33790
5801
35688
18879
11415
33108
30281
19387
17454
33916
1312
22399
16087
26658
7213
25021
23214
8613
25587
17696
10350
5113
16465
27315
25219
12248
26778
26743
29356
22268
1005
18175
12513
10379
18008
16146
4144
3158
8728
3787
1366
18308
14367
28919
29714
36572
5438
24177
9325
2955
7864
32488
26008
6294
34581
19287
29906
18488
28280
5956
22770
33603
31512
14259
14759
2849
26426
18092
3228
5408
25536
26655
13573
23148
9529
28434
33032
32743
5774
32628
6937
15204
34282
21524
35671
35059
9045
29699
23957
32167
15646
5623
30527
6468
5943
14994
34728
32245
31332
21438
13351
14555
29749
3283
2971
6300
31111
5083
21296
12892
10439
9598
34564
27576
18600
12195
17347
30490
11
34442
3879
26144
26671
27240
15339
18132
4760
11004
3387
22565
3311
2316
19691
11788
21080
18199
6557
6591
26122
5556
34488
9929
25939
7450
12463
8021
24464
31487
32363
36570
18499
3005
24169
20780
26389
29342
15095
23703
36603
26587
31263
26464
5417
26204
30142
22036
31287
30698
31316
6675
10031
24164
20050
3552
26571
35804
33210
7780
34274
27145
33585
9341
7662
31776
32761
3396
1679
1434
24611
23467
23156
17905
28529
13816
32948
9445
35821
99
3495
15196
21454
9887
19625
26992
12351
34698
5307
15372
11410
30867
12947
27830
22002
30639
16092
25056
25864
29695
9962
6216
33546
17694
13634
33999
22460
25638
12107
7333
10447
34339
21691
29453
2309
14678
25051
35685
35536
3223
1880
28
33388
31463
5604
31418
11599
32487
19916
34104
27288
3785
15395
12833
8040
8867
30721
14314
1864
4744
14258
1905
1767
31098
29418
36285
25918
36476
382
1673
16220
29171
30871
27456
6444
20996
27310
23773
25921
20340
23254
2972
5949
12620
36585
27056
22825
22940
5296
23650
27323
28283
10280
32402
32663
33945
4075
3289
35731
26229
18803
1694
11975
974
35314
10572
18503
17518
16751
2421
14551
34917
26529
26044
30064
3044
29521
17553
8115
19345
9455
5036
21969
6779
2938
7892
35648
36839
13581
29907
3269
14004
19976
19839
22179
5639
5947
12728
26906
13521
28639
519
13972
17260
16077
35453
19464
24711
7548
2496
23240
18444
16299
34535
30112
34505
13659
6577
17831
19512
1980
10202
14153
15123
35541
34779
27656
4484
35815
25087
32894
4796
9412
10203
36284
2990
29750
16900
7163
20276
32348
17874
22195
25961
17865
29152
21539
9213
5395
28804
6261
2345
8375
6143
5175
9429
11703
7692
7382
1912
1266
6845
11818
30562
24658
21474
36855
7572
33538
27341
27870
2225
35041
25791
521
11844
8633
30214
35015
6617
1441
7683
24225
6670
28249
563
24858
10622
26421
25977
20859
12500
18971
2530
27466
24969
10964
18777
19947
15859
2165
34508
7895
1519
27055
10795
27320
9271
35493
17528
21694
16885
11139
27372
18047
6543
7467
36857
31546
14451
30085
25106
19920
1601
22046
29925
4942
16607
19152
36157
11152
12619
6943
26288
30708
23478
31480
28647
29910
9953
22777
13064
5912
33434
29741
29319
10312
13419
29727
19518
3508
35238
6628
10360
32082
9132
24771
29732
33582
19210
23481
32451
18410
24759
12225
36366
36102
12086
31612
9716
9947
30808
8915
14346
30029
6266
11263
26228
385
1539
19047
26881
115
4497
11730
2120
28287
6462
25757
2842
33197
27729
1577
3052
14108
25505
11640
18496
31963
29665
15578
19460
35102
4995
35392
33943
26554
18494
24178
7598
17378
29612
24675
7070
27567
30104
10755
7118
21125
35004
35040
22327
9361
17883
6150
33455
31423
17581
7152
8713
34368
31707
15567
2425
36765
9810
10294
5073
440
36600
30241
30908
25054
933
3027
27035
33406
23996
6302
