878
340
874
1876
1108
2218
331
1149
4
494
1140
1979
927
1130
2030
1218
1179
1620
84
1946
462
388
450
1037
1134
410
1537
2027
863
596
719
491
1139
1165
1474
1156
1805
1986
955
699
278
1099
1125
351
706
891
1169
1903
666
548
1794
1646
910
2052
1026
452
1107
2075
781
2195
1204
1425
1166
443
1538
1494
79
1822
713
1730
1178
446
1147
2242
2226
1893
1970
1206
1219
1909
538
659
194
1215
1467
1562
852
771
324
358
1898
1985
1027
1507
2046
715
543
770
1617
703
923
329
523
565
1150
1396
974
525
530
769
155
83
1163
292
106
301
996
712
2262
372
255
2132
1711
367
1373
738
894
189
1793
1103
562
1104
811
1567
243
1727
1782
1059
1732
434
426
1860
1674
1462
829
726
1427
1791
1077
865
2253
881
1595
1728
2158
1003
483
1564
1025
144
111
62
489
1987
1364
1539
718
677
459
1274
1483
13
1162
1604
667
1202
1097
1418
592
1084
1403
236
214
258
2207
1171
182
496
571
2217
2051
557
1947
1453
1243
1977
190
1439
1967
2203
944
1338
1515
63
1121
1046
1311
1034
1227
962
2199
1579
1412
186
401
722
488
1310
1480
339
1119
75
470
1259
1475
93
495
267
545
697
1006
1647
1596
822
152
1962
154
539
145
1117
1181
1343
1297
2076
28
526
1434
47
754
1716
2164
1651
466
1622
1751
262
1652
1552
796
633
266
1390
2165
1518
1298
2111
906
964
400
622
147
1535
1284
2
1930
1695
2074
913
1818
744
2265
1333
1051
895
1052
1238
1155
1081
1795
1522
377
1908
433
1796
475
925
1960
1691
975
281
2061
1667
1811
1485
1371
698
277
2263
1601
535
269
1251
591
1145
1226
1852
657
89
499
1307
1211
1030
472
2106
403
1988
125
1672
585
2007
850
337
227
691
279
1410
1600
1471
1719
1350
1753
1279
846
1074
138
316
2190
1490
50
602
1316
1032
415
513
1933
1315
1682
1395
438
2228
804
1045
512
2152
366
714
1070
176
2216
1234
776
335
16
843
621
1148
607
774
1135
299
835
1750
1572
81
1319
784
792
982
1308
1928
1055
201
1975
159
1582
1446
899
2238
1653
897
1264
1905
778
1926
2090
86
216
1442
274
873
551
1739
1856
2063
1871
1094
203
1725
2243
1072
1566
480
2138
1576
1823
1355
898
1882
951
276
2009
2065
1969
336
522
1360
1710
428
1668
564
3
739
527
2185
1086
1549
1663
91
1021
2235
574
196
946
516
1875
1257
904
1282
442
361
2290
686
1067
2068
371
1180
1028
802
1281
1085
1543
102
2273
724
441
2133
1038
2209
445
2016
1729
10
1505
2210
1452
757
2143
1076
728
36
2064
1774
851
1105
2155
264
772
1573
1798
1690
889
588
97
1637
260
1332
587
915
1867
1261
1469
752
1270
742
1212
1196
347
960
2293
1244
2083
575
283
2240
2250
985
172
956
912
1481
94
654
1267
2049
857
2047
395
808
73
597
1043
2070
1192
2045
233
670
1772
884
381
206
783
2151
287
2212
1820
1293
2233
1158
1011
883
121
1269
318
1448
2029
2012
849
2112
1109
27
345
2139
2283
20
1018
855
2182
362
71
614
344
1873
313
1376
2107
1708
916
2035
1814
88
2087
457
1431
1177
2006
2144
547
386
2303
302
2179
1262
1954
1049
2011
1394
561
1736
1113
729
992
2078
38
430
1973
1512
1230
1994
257
407
1263
348
397
674
1138
1827
1627
245
1756
2081
286
1303
648
414
1205
1508
763
1482
696
1351
794
734
2286
1089
1685
453
64
1614
131
2067
1945
832
1092
1704
580
74
917
398
1589
896
814
1008
798
1229
149
1857
205
2178
92
1844
2197
484
1570
1607
1895
1872
2211
710
1337
309
828
970
961
1759
678
2105
876
1353
1061
1189
378
2059
1974
1391
799
1438
473
1855
1302
1183
1322
232
486
1949
2276
376
1837
870
1726
1464
1321
2130
1168
2183
1615
779
740
2282
1731
1593
116
1761
1444
1925
598
1649
1838
2300
1220
2249
2277
1619
417
1553
760
1768
689
7
1781
110
105
1460
1154
635
589
1984
831
11
922
140
1152
672
52
736
1612
1401
2241
1458
1800
988
1248
1659
877
1223
745
1789
2271
750
1784
1561
421
2184
1091
1680
387
1195
1283
1939
1291
1356
1069
708
181
1451
1621
987
2186
1306
139
948
1348
23
1066
599
15
1808
1164
343
858
2050
1277
1370
1268
153
497
780
1639
554
1137
432
109
1802
940
315
1853
775
1832
1470
1510
327
1422
1835
1666
1998
429
2169
2274
862
720
1790
24
534
368
1828
594
342
1246
1330
1712
451
1256
1231
1724
2088
1445
308
848
101
1063
1916
40
1972
1787
731
1399
1187
1042
756
122
727
786
1450
120
1197
879
1779
2093
1980
1120
1285
268
37
509
797
2066
305
1664
436
173
2091
1544
479
1345
501
1173
1366
58
1
1883
1411
143
1964
2170
903
224
199
510
1443
967
1896
791
1492
604
1831
875
900
1372
476
1948
1923
2022
1136
882
983
939
2021
1588
825
605
346
1384
1014
573
1047
413
2287
464
1088
1114
1214
2284
684
310
2269
854
1778
1132
1869
1966
1341
1503
1241
306
137
911
1225
1742
518
2099
285
67
1915
2127
637
1982
758
542
2200
1641
1745
487
1102
1585
1563
550
914
777
293
1232
1888
1430
1009
506
963
370
2193
115
1048
1001
1531
25
1331
570
646
416
1160
2116
502
1389
427
2202
448
384
1836
1242
1810
2085
295
820
805
2103
1513
1995
1500
2231
1106
2230
1961
1200
1487
1548
135
627
1486
22
616
1737
271
55
819
1927
541
1504
162
1188
608
1420
2272
649
493
1005
1461
795
1968
1300
2120
2220
2163
1697
289
253
2189
2237
1942
33
517
2192
1502
830
1100
29
1529
56
1429
1843
1590
694
1521
1501
2153
1409
1329
1182
99
751
1221
146
220
1528
1496
1581
1440
1294
1937
1526
1906
2298
1688
1799
1012
1417
1363
1992
2118
560
1400
265
1235
328
950
707
1326
174
319
5
1240
449
1555
304
1629
2296
2080
1889
1597
1296
1780
2142
2196
1650
918
1000
1203
1275
978
688
761
524
1236
2302
1763
1932
128
2261
1455
1825
9
32
461
1488
2251
1699
733
183
1050
1861
737
2281
471
1361
673
254
1568
1357
167
929
30
422
374
2135
1934
1367
492
669
1414
1892
219
1684
1542
45
312
1524
2254
230
467
1514
1497
1128
1398
1797
1116
1387
198
164
2257
836
65
1722
2123
529
790
365
2248
2131
1847
818
1735
284
18
1339
642
2033
303
458
2191
559
213
965
1428
692
1305
1336
1807
859
1693
2198
490
1999
420
256
1556
240
1981
1519
887
1499
531
2141
1347
1541
2101
2086
2034
1378
463
226
2084
1080
150
803
352
816
1762
332
2119
1887
341
623
1060
1907
2229
1865
2145
379
1571
723
2001
2177
2031
536
1676
553
1885
1841
1618
353
2161
2172
68
920
1159
549
170
1654
1591
1468
1491
142
440
1090
959
53
1623
357
1920
1886
1540
558
2089
2005
1016
2275
1115
469
184
1532
1533
1328
2038
437
1938
411
2187
1199
123
129
1902
1435
886
1963
60
1087
1740
1054
2222
1354
107
2148
1002
192
973
1849
1142
14
652
1863
869
1632
454
1868
1292
611
1714
2245
1965
218
2042
1058
237
1301
994
957
1436
1358
2018
1569
1053
615
1365
2160
2104
1551
141
893
787
765
681
229
1721
2295
385
2094
2098
1327
1019
163
2147
1520
1404
655
2002
919
1255
905
1943
1587
1669
1153
482
1093
2020
2214
468
1894
1421
1213
1527
958
2108
841
936
1079
168
1437
1765
568
1706
705
1840
185
17
1993
1953
2134
1913
709
2109
221
1976
1040
1858
1554
314
1379
1346
2267
1133
743
323
1216
1775
907
824
294
1141
2024
222
51
2285
2270
48
1557
834
151
207
244
2110
354
1678
1004
1665
1039
1407
456
238
2129
1194
447
82
2062
1971
1064
704
2069
1278
838
133
880
767
1850
1801
1511
54
827
375
998
1547
104
246
460
1122
2055
1068
1630
1408
382
2205
215
195
631
1477
675
1813
1575
1143
1631
1660
1783
1718
871
1671
1997
297
326
837
788
2162
1749
860
1207
658
1530
931
225
1914
2175
1146
1546
405
1233
96
2247
806
2043
1738
485
590
577
1559
1432
2028
1897
408
1720
1465
1258
241
1866
1689
2126
478
1558
1616
1210
2167
77
1335
1362
2039
544
2213
399
1771
1185
640
1082
2171
651
1864
171
1770
1881
2115
178
1065
2154
1144
1078
984
979
21
949
1996
1817
76
1833
641
1217
2289
1299
661
1393
1692
1224
1175
1036
629
867
1288
1951
969
2268
148
435
1184
671
1127
112
1386
1878
2280
1020
282
1456
2082
1033
409
682
595
902
481
1534
583
317
576
639
1924
665
8
584
200
2291
826
1344
1359
1922
1657
2072
1035
1899
95
1382
1824
938
606
1788
1201
935
930
1239
1834
764
1495
1368
2150
676
741
119
1457
2297
721
683
1608
1635
391
888
1806
954
389
842
360
1426
160
2136
1110
209
1083
1758
747
977
2010
1545
556
1466
933
6
2097
586
406
1845
498
288
1694
1670
1349
976
625
363
995
947
1577
532
259
1208
1717
1645
645
1320
87
1609
402
603
57
847
1874
1705
537
2053
1476
100
989
833
373
1441
997
1290
2128
2077
1819
161
809
785
1190
263
1249
1644
2180
1473
1247
108
130
202
1656
540
1517
2176
1640
735
1015
2232
793
364
1769
1829
118
1584
732
748
1013
1126
1611
298
44
991
1709
321
660
2221
1862
1785
70
2224
392
2026
1073
90
2252
113
626
1700
844
1057
2292
1062
418
117
546
1757
952
634
1764
204
1222
1760
191
702
49
273
1413
1044
1681
566
1383
2146
1594
1880
1478
1599
228
1323
921
1118
380
2015
1713
179
864
1978
999
1919
1624
235
801
270
572
1416
581
98
1324
1095
2266
624
789
782
2023
1253
247
647
291
2227
1936
901
0
1273
1129
1655
169
515
2095
2040
986
2219
1388
217
1380
1374
425
656
2294
424
444
42
1648
210
1851
1334
1101
1929
136
330
500
601
1472
2223
2279
2100
1317
2019
1313
261
1007
1786
124
1767
613
908
1325
1766
383
520
338
1342
717
1952
1024
942
2149
892
1433
2188
1911
1198
823
617
746
43
1752
1890
35
390
2113
1340
393
1658
1170
1748
619
2181
1096
612
695
945
533
1228
807
644
1661
2124
1151
937
953
1309
971
1056
700
1912
1870
193
653
1755
103
1592
2156
1385
711
773
610
1990
72
768
872
839
1950
567
311
663
1613
356
46
333
845
1580
1815
272
431
1917
966
1741
126
1776
2057
701
579
578
868
1821
1931
1803
1701
1565
350
2014
1161
630
664
394
1523
1957
1112
307
856
1918
1397
730
355
1419
1289
582
1424
2299
2255
2125
1958
1031
2174
1642
980
1842
972
250
968
1265
1405
2206
1252
61
2102
1734
861
1260
19
465
638
78
296
320
1686
1812
1111
1744
1715
1687
280
840
157
1176
2092
187
928
1891
1698
1598
2234
1381
1921
349
2288
1186
208
334
211
26
134
993
679
1830
1602
1956
2140
248
1859
2032
519
1209
2173
815
505
1683
1777
1638
1123
1723
890
2079
1673
1449
114
1295
680
632
359
1583
1157
1271
521
1754
85
2264
1318
1675
1191
412
1272
275
2013
800
127
1773
753
1560
1041
1454
1940
1877
934
1904
690
2044
1167
2071
1237
693
2258
212
1955
165
504
2037
1498
1172
180
12
2236
1525
1022
1023
725
1193
759
1809
419
1626
511
69
2159
175
926
1250
1848
1071
2201
643
1578
1854
2048
1493
1266
1352
197
1634
2058
2244
1392
1369
636
1375
2278
909
1304
322
2003
2000
1312
866
1677
2121
593
2073
1746
2260
2208
1633
1017
990
1991
1550
1406
290
1415
1879
1516
755
239
1402
1944
1124
853
39
439
2168
812
813
932
1941
404
2301
41
234
1286
166
2008
2246
1935
231
34
59
223
2036
66
1479
508
1792
1605
749
1846
477
600
1625
1463
1703
1702
2166
1901
2259
1610
1586
1098
1489
1010
563
455
1804
2239
528
1989
1983
2122
885
249
423
2117
1636
1816
650
609
1459
555
2096
1884
668
1733
1536
716
1826
2017
251
132
2114
1245
507
396
941
817
821
2137
2256
1910
2056
242
1743
2025
981
2060
618
325
1628
1959
503
1707
569
685
628
943
662
762
2004
810
1314
1900
2157
80
2204
1423
2041
1447
1509
1574
1029
766
1131
474
1603
2225
369
1696
1484
1377
156
924
552
188
2194
2054
620
1075
1276
1643
1506
177
1662
158
1606
252
2215
514
1254
1280
31
300
1679
1287
1174
687
1747
1839
