1070
1240
814
295
1063
1241
651
1254
1383
2180
801
615
1326
1926
1427
1154
907
1830
352
2151
1419
1246
445
1924
910
917
164
1411
1313
1999
1387
1431
619
1062
386
1409
1327
1956
2183
418
871
46
1090
1239
1432
1175
2197
18
1942
875
1163
113
1166
1643
1068
388
96
463
1792
613
1343
1743
1078
357
123
1495
1265
1143
1144
1730
189
151
2251
1944
998
1059
617
1766
1947
608
1823
2244
119
1567
611
646
1129
184
20
1420
319
788
969
149
1665
1134
674
390
1161
1839
2210
1346
355
719
538
2230
1687
306
1087
1971
276
420
1160
301
1673
1065
985
1582
2048
413
1481
440
2217
1381
411
322
539
1483
1206
1961
1536
1496
898
1220
1227
472
2212
1672
834
1726
2038
1777
1585
1897
569
1904
1151
1682
1767
1920
1125
1027
1318
1195
951
1153
103
2191
1923
1694
1283
1255
1586
695
812
2270
1006
2063
895
1176
1136
1712
744
693
289
2190
2019
1553
2271
1774
142
1739
1148
1010
706
1715
786
1718
1943
1800
1423
443
137
369
80
385
1894
102
963
546
1200
372
864
2181
1981
2033
782
658
1858
2286
498
1408
99
562
1295
452
768
1412
153
1401
1009
1901
1120
735
1429
466
616
728
843
1845
1717
112
958
2187
1077
823
259
1024
130
2024
1510
427
31
515
873
1066
1298
2036
1168
1700
2182
923
567
1986
1899
2157
1247
1514
900
1902
510
488
795
391
694
2264
27
798
1929
108
1180
1664
918
2023
886
2114
807
467
525
1641
1367
1430
1086
2029
2075
1258
66
683
1169
2139
144
1675
1410
971
1426
1911
449
1437
50
914
1451
931
903
1444
450
313
848
2207
575
2015
1207
132
2226
701
398
273
1490
1927
2086
1563
2201
41
1340
712
1544
817
2242
1950
527
1938
342
495
578
1067
1505
1266
1941
1114
2186
1219
311
1414
392
2022
628
550
174
1056
1479
1155
2159
1637
63
1737
2134
1977
139
426
1922
662
269
647
1334
1403
1132
384
1259
1433
1635
809
236
1105
1033
1072
1158
1260
1314
1809
364
1759
1998
1683
949
1209
202
274
2110
127
1315
1674
2169
1310
1937
854
1554
896
1903
166
2277
187
1278
1552
1907
2185
1325
383
1657
1842
2059
182
1447
1449
831
1221
203
891
296
1217
483
1324
2006
1601
1707
1639
1773
214
400
379
2263
746
699
688
1047
673
42
1188
282
242
777
1061
435
1497
1083
473
403
906
294
1698
943
630
2160
241
199
107
135
1638
497
2285
1029
1080
1133
1651
526
800
155
850
950
224
1891
816
767
1511
1549
806
116
1763
667
341
2231
1079
1285
1757
1463
1435
2155
912
141
1280
380
858
529
2144
876
1885
754
640
1004
436
642
750
1018
1262
983
316
337
1308
553
676
1425
212
1973
2081
2188
246
2184
2032
1916
993
57
2098
2130
815
425
193
2141
552
118
1954
1141
2047
650
493
1934
231
291
1558
1640
1751
1224
220
939
1360
797
1482
778
486
2161
1543
1905
1883
857
487
655
1186
2172
1306
649
1829
944
43
641
198
1261
1713
44
1680
1268
2124
239
368
627
321
48
645
1888
1013
863
169
1689
297
1951
490
279
624
2200
810
889
405
264
878
1406
1741
2079
299
1050
981
17
1159
1071
1397
1778
1652
2078
1356
2056
1786
2088
1952
1988
577
338
2156
1953
897
781
772
1264
75
1670
1831
924
1371
423
548
1146
503
1879
1376
915
2208
1705
2066
1556
1398
1257
1515
1243
892
1232
1467
2052
1404
2167
2097
1589
361
89
1138
1416
696
534
1110
360
802
221
1014
1868
1294
2094
536
1177
1960
465
1328
2026
1234
636
2280
942
1819
158
1230
249
377
2198
371
952
961
1477
271
1679
1187
24
2131
30
625
884
644
227
865
962
973
1576
1602
1058
222
2236
446
2176
82
982
1473
194
1211
1379
65
2018
1390
176
260
288
2195
494
1882
881
1578
1225
2150
1626
447
1725
79
1424
1100
1627
964
1201
986
1857
839
1623
2119
1
1054
1041
1028
1616
883
2260
960
298
1474
1213
565
101
1647
1342
2030
2080
653
1286
10
1218
232
1388
2218
1394
95
2302
1685
1174
1612
2241
682
2266
145
532
2101
2008
919
2211
1465
792
404
315
2248
1391
1197
1452
821
2237
1518
1684
115
1646
36
1659
1537
496
476
1577
714
975
1407
2158
2031
2171
1454
1762
2255
1928
77
1522
1005
1469
1520
1275
631
455
45
1863
1785
870
1824
1053
133
1972
2021
2041
14
703
2111
940
1968
1020
763
349
888
2204
1484
1439
1992
713
1084
1317
2240
1048
1389
474
85
1198
1663
710
1208
984
2145
2046
2122
1300
633
152
2106
1491
28
1827
2129
1442
1291
1147
1935
2087
2274
1930
739
23
990
921
540
346
171
424
731
1457
1946
1982
1093
1787
1693
35
779
1377
1723
1385
2027
1322
652
1817
504
543
147
661
2092
956
1109
1716
1696
1115
1123
1106
844
2051
207
1775
758
230
1581
893
2067
1686
2177
302
2025
2082
1279
606
1575
2228
62
93
597
1624
1139
1866
1393
632
215
1526
1194
1636
588
1912
793
475
126
1862
1336
1706
860
258
2256
1216
98
157
764
1223
721
1919
1596
736
855
1099
1392
502
2294
2116
1448
752
163
742
1332
13
1274
901
2243
726
363
343
1816
2073
1157
635
1788
666
1748
261
979
1458
275
1229
902
381
1354
1795
1461
1320
304
861
669
1503
1851
245
1131
847
1149
1276
1542
2233
1550
333
1098
395
1499
1270
1611
204
509
2140
492
2005
708
2043
1145
285
1703
1363
561
2016
866
1630
734
1076
1359
51
799
1512
2146
945
12
1648
437
325
1978
124
1597
1304
2055
172
1445
1095
1798
715
2162
1349
1875
1494
595
1832
1984
677
1784
1546
730
38
1812
507
697
138
180
375
1307
687
1662
1035
332
614
1584
2267
1167
678
518
378
1805
1534
2011
517
49
1366
1513
1610
53
2058
592
1803
1588
957
2000
1676
2104
1501
784
1810
4
1303
336
1382
1289
659
1529
2072
941
1870
211
680
2189
1508
2034
1603
105
1878
570
1607
1319
2254
91
1593
533
1782
90
1192
439
434
422
911
1560
1838
1913
920
1995
1516
551
2053
1969
382
2128
908
1671
277
257
761
686
117
1906
2166
1361
1333
2246
1196
1797
1531
2127
508
448
1848
2296
1468
1111
1034
312
1297
1370
593
1996
186
2044
192
223
2192
250
1517
1599
1551
1092
1914
2060
1631
1502
278
572
191
965
1338
1720
2269
1271
837
1860
196
2299
1854
1710
700
255
1462
11
564
2179
1453
432
1204
1226
1530
851
183
1695
1711
1001
1487
1521
1849
1555
1375
2153
955
2054
1697
25
1384
2091
692
904
612
573
205
621
200
2170
675
1533
1571
1604
88
1045
2068
1189
2297
2250
78
1735
716
356
2105
762
2108
9
1780
1064
479
1600
146
1633
759
705
684
835
709
620
1337
2303
948
1856
1804
2112
2209
300
1525
1781
882
1660
429
1864
265
1749
26
1850
1756
1802
1031
1528
188
1288
464
1559
86
484
1745
574
3
663
125
2163
894
2143
521
1037
771
1500
266
568
1178
1150
1565
244
217
1459
2224
1613
2272
689
2028
1215
988
2013
229
2165
1368
1677
178
1413
1852
598
2265
428
1504
2193
581
1997
460
970
293
780
1661
83
1900
2147
681
2001
2247
745
1402
1865
1770
1841
1329
804
402
602
72
1936
2194
76
1736
1990
238
29
1171
1609
19
1835
136
765
2290
605
162
84
317
1428
1082
1873
1191
1272
818
541
840
219
1632
2014
1032
1591
109
1251
690
609
310
1896
2012
935
22
589
1583
1721
679
1959
1614
853
1915
1760
583
1548
808
2089
477
994
1244
648
1690
1365
2096
1654
722
451
1446
210
516
989
783
32
457
890
737
1003
1205
1989
1119
2
67
61
181
927
431
1667
393
774
1267
1983
208
2257
1242
303
344
104
542
805
2203
2178
2276
2093
87
2213
1052
1012
6
389
530
218
1619
1043
1480
1000
822
531
1750
1655
92
442
237
1182
723
401
416
748
2057
1932
1884
1844
660
1380
1443
309
685
129
1893
1962
453
1245
1869
1026
1887
2215
1547
869
654
2164
1455
1931
1008
1733
880
776
1038
52
331
1299
365
566
992
1137
626
1688
394
2229
1348
1615
867
796
1231
415
916
131
226
1876
1892
243
1202
335
1993
1199
591
824
37
514
2065
2037
2174
1747
469
2288
1642
292
410
2301
1853
1489
168
1222
1281
1974
2275
367
1957
470
1765
1933
1162
2287
556
1523
2050
1179
2076
2234
1608
974
584
128
547
351
122
1378
978
15
2214
1846
862
1135
1290
1886
1236
430
421
1464
1966
2132
520
173
1758
2278
329
412
1292
2282
414
830
2117
571
2239
749
729
2004
1485
1039
1724
1708
40
1312
672
1702
753
1764
1472
326
1738
340
1768
2123
1801
1438
1170
1921
859
524
2219
1742
587
954
820
1316
773
1874
1890
2293
1732
328
872
1592
1214
290
480
111
1699
1980
1963
1030
794
1666
1121
376
2126
785
1422
366
789
1173
1574
1719
554
1587
725
997
253
286
874
1330
1509
1049
1815
134
1872
2136
512
2284
755
2148
757
2135
1506
877
1871
323
1789
441
1418
320
1358
2042
69
2205
1233
787
456
2120
71
1790
1561
1478
34
1976
314
838
760
2175
909
825
1364
1301
833
1594
485
1417
1769
1372
557
1949
1104
1970
1833
1277
1806
1124
339
933
1985
1754
887
256
374
594
1311
1399
1305
980
458
234
1519
1362
350
1302
2074
1658
741
2100
7
637
1847
868
161
1791
280
1441
1821
1918
751
743
140
1415
1470
1722
170
1826
1566
1237
1625
1595
1021
68
1746
1492
1606
2291
1263
373
281
459
622
811
1069
1843
1527
1091
1807
1653
1828
1877
1185
1089
2216
549
1395
2227
1051
60
206
216
491
1793
2084
1752
2070
1386
1669
1965
1355
201
2083
1634
2223
1590
505
2113
1440
1007
419
926
1250
1130
1898
362
1287
610
770
790
2196
2069
1369
21
972
1939
828
738
1165
791
585
586
1909
478
64
991
1861
1701
727
664
1545
213
2235
1309
2283
704
433
596
2103
607
1471
1644
1421
1456
559
2062
468
2045
353
724
560
268
2273
563
1859
263
2262
1753
1889
932
175
272
2300
148
481
1573
284
668
1228
1203
2099
1103
2289
2253
2107
56
913
1140
1727
267
1088
523
930
582
74
1022
643
2003
2049
1507
813
544
254
2225
1649
1783
1917
228
1620
1541
500
1709
1524
1036
1249
1618
996
1837
1164
1796
1023
1344
1822
1493
1840
1331
1055
558
1060
47
1908
1820
154
836
819
1172
2245
1042
97
1994
2249
1190
2125
1476
537
1122
576
934
1081
1373
966
324
1799
1808
501
1396
110
1622
718
2222
159
2040
8
1818
603
2149
2009
747
1252
2007
590
1564
600
1341
197
2232
1075
775
832
766
1958
2061
618
1498
720
1193
1269
1126
283
5
0
1096
841
1238
73
70
2295
1044
1112
1740
143
370
407
1645
1282
358
2035
1181
2133
233
33
2261
535
1475
1948
671
225
1621
846
1855
330
2002
100
1097
1650
359
849
1772
1184
396
270
976
2173
1345
1967
1776
1405
1017
1617
305
829
1210
334
1881
629
489
987
2109
1572
1016
842
938
347
462
1057
1352
106
623
179
1118
967
2121
471
2138
1025
1400
2220
94
732
251
1779
769
2085
195
1598
601
348
1569
2142
1015
247
604
1466
307
2259
947
1925
1253
1557
1450
1814
1945
638
1117
1296
409
707
928
1116
1940
1094
444
1867
513
1460
1434
1834
946
634
1347
717
1562
1074
1156
2152
1212
397
327
2102
59
1755
2292
1350
1040
937
879
1728
2281
1284
1351
1975
1127
856
1128
2077
1273
953
2090
156
185
482
190
885
2258
905
1108
1353
1113
1535
16
803
1895
656
2298
454
1073
698
1570
248
318
1811
1357
899
1019
160
1011
387
2238
1880
55
2071
519
702
1813
1744
262
639
936
2199
657
1628
1183
2154
54
2118
968
499
1979
1771
2017
1678
308
1335
2221
756
408
121
1681
354
1629
555
406
1256
1539
438
1605
929
1142
1374
2252
977
711
252
114
1102
1987
1692
1488
1691
345
2279
1794
1101
1668
2020
235
1964
1568
1046
1293
852
999
81
1085
167
522
39
461
165
2137
733
1436
1152
995
2268
1656
287
2206
579
240
1991
665
1235
1731
691
1734
120
1910
670
1580
1532
1339
2010
599
1729
2168
2202
2039
1321
959
511
580
1107
922
209
2115
1538
1323
528
1714
1486
2095
1540
177
1248
1002
1955
925
2064
1836
1761
1579
740
58
399
417
1704
827
1825
845
826
506
545
150
