194
210
185
221
216
214
59
249
172
205
218
192
83
41
204
425
200
81
60
9
262
393
347
182
78
326
161
57
70
346
201
337
299
157
150
75
417
281
226
67
374
362
345
330
323
237
62
257
56
92
107
396
271
33
331
12
332
348
202
250
314
358
118
73
329
376
380
28
97
155
5
170
50
258
131
355
307
296
242
248
378
410
76
313
267
223
402
51
213
406
230
379
297
186
283
191
6
48
261
354
361
206
227
366
364
255
47
403
394
139
113
240
177
222
245
127
266
165
136
140
220
94
269
153
336
193
401
350
382
369
82
219
238
328
316
54
98
428
176
212
144
171
17
275
25
430
114
377
198
45
53
195
166
158
405
207
111
274
231
38
389
287
232
334
187
344
32
120
427
65
133
409
208
61
293
169
163
260
305
91
35
304
285
125
173
322
27
159
395
149
356
184
303
129
66
30
317
126
357
196
104
429
392
179
320
85
292
69
387
359
137
386
414
14
335
95
370
390
122
294
55
400
367
233
115
241
398
10
318
130
96
321
58
413
134
89
84
421
22
4
298
371
132
286
211
310
254
19
143
244
290
21
16
31
154
141
15
146
308
289
351
36
225
385
229
87
43
426
18
300
236
148
72
49
175
145
189
26
420
412
415
419
46
343
42
1
352
391
209
312
408
34
64
381
8
156
360
164
86
404
342
3
7
174
235
93
270
215
243
117
384
74
77
311
100
411
268
399
383
102
160
397
228
246
178
138
142
365
353
128
309
183
247
88
279
234
68
151
327
106
44
168
368
416
324
105
295
251
325
217
333
372
363
124
375
291
265
20
418
276
280
339
79
282
103
341
224
277
40
121
13
388
203
273
39
302
315
152
119
256
90
37
188
340
162
11
99
424
23
319
109
167
239
373
180
278
284
110
197
349
112
2
422
101
259
306
52
199
135
108
263
190
0
301
181
80
252
423
123
264
288
338
71
63
431
116
253
147
24
272
29
407
